country,year,csection5
ALB,2008,16.197210000000002
ALB,2008,19.2432
ALB,2008,19.59411
ALB,2008,18.2416
ALB,2008,11.46682
ALB,2008,15.601120000000002
ALB,2008,25.1857
ALB,2008,17.82741
ALB,2008,22.74843
ALB,2008,25.95234
ALB,2008,11.541210000000001
ALB,2008,21.764870000000002
ALB,2008,19.23011
ALB,2008,16.01191
ALB,2008,25.36124
ARM,2000,7.755439999999999
ARM,2000,6.04396
ARM,2000,0.54348
ARM,2000,5.04202
ARM,2000,8.28026
ARM,2000,8.383230000000001
ARM,2000,6.10957
ARM,2000,5.42333
ARM,2000,6.6099
ARM,2000,8.843539999999997
ARM,2000,7.24603
ARM,2000,6.85797
ARM,2000,7.11653
ARM,2000,9.21149
ARM,2000,10.6383
ARM,2000,5.26316
ARM,2000,8.82353
ARM,2000,4.06996
ARM,2000,6.3353800000000025
ARM,2000,6.6265100000000015
ARM,2000,3.22581
ARM,2005,14.0205
ARM,2005,9.5568
ARM,2005,6.14916
ARM,2005,8.05513
ARM,2005,9.91266
ARM,2005,11.1929
ARM,2005,8.179089999999999
ARM,2005,10.30215
ARM,2005,5.49874
ARM,2005,9.0416
ARM,2005,1.13091
ARM,2005,14.993889999999999
ARM,2005,10.71129
ARM,2005,4.74466
ARM,2005,9.78426
ARM,2005,7.46818
ARM,2005,5.6825800000000015
ARM,2005,5.4858
ARM,2005,4.49633
ARM,2005,6.70713
ARM,2005,13.8745
ARM,2010,13.60995
ARM,2010,7.94667
ARM,2010,12.4854
ARM,2010,6.482819999999999
ARM,2010,10.2247
ARM,2010,11.438080000000001
ARM,2010,15.852
ARM,2010,23.96392
ARM,2010,19.4787
ARM,2010,7.75905
ARM,2010,8.076189999999999
ARM,2010,7.4139
ARM,2010,8.1135
ARM,2010,14.73979
ARM,2010,14.39533
ARM,2010,6.65667
ARM,2010,5.0464199999999995
ARM,2010,5.78373
ARM,2010,8.941880000000003
ARM,2010,15.454770000000002
ARM,2010,12.68091
AZE,2006,2.84923
AZE,2006,4.14617
AZE,2006,3.53575
AZE,2006,8.4503
AZE,2006,2.5188099999999998
AZE,2006,0.59964
AZE,2006,5.5528900000000005
AZE,2006,5.60114
AZE,2006,1.6373
AZE,2006,15.50301
AZE,2006,5.08822
AZE,2006,6.35553
AZE,2006,7.014710000000001
AZE,2006,0.0
AZE,2006,4.87819
AZE,2006,3.60802
AZE,2006,4.7222599999999995
AZE,2006,7.0316199999999975
AZE,2006,4.85527
AZE,2006,4.3179
AZE,2006,0.78608
BDI,2010,2.61116
BDI,2010,10.75399
BDI,2010,8.28368
BDI,2010,3.19988
BDI,2010,3.76355
BDI,2010,12.13316
BDI,2010,12.923210000000001
BDI,2010,3.5709699999999995
BDI,2010,4.17203
BDI,2010,3.1432700000000002
BDI,2010,3.2302400000000002
BDI,2010,3.30959
BDI,2010,2.83737
BDI,2010,3.01378
BDI,2010,4.01086
BDI,2010,3.01657
BDI,2010,4.38205
BEN,2001,3.44335
BEN,2001,3.1515400000000002
BEN,2001,2.69771
BEN,2001,3.8946699999999996
BEN,2001,1.20121
BEN,2001,1.6023399999999999
BEN,2001,11.01337
BEN,2001,4.02424
BEN,2001,2.36165
BEN,2001,10.83871
BEN,2001,7.906519999999999
BEN,2001,1.8923
BEN,2001,3.22329
BEN,2001,1.0301200000000001
BEN,2001,1.90778
BEN,2001,6.35521
BEN,2001,2.51327
BEN,2001,1.9291599999999998
BEN,2006,1.39214
BEN,2006,2.1995400000000003
BEN,2006,9.85935
BEN,2006,1.3249
BEN,2006,10.54984
BEN,2006,5.21074
BEN,2006,3.75275
BEN,2006,2.25463
BEN,2006,3.01651
BEN,2006,3.3548699999999996
BEN,2006,2.0788599999999997
BEN,2006,2.26871
BEN,2006,2.58794
BEN,2006,3.0493200000000003
BEN,2006,1.9469900000000002
BEN,2006,11.16986
BEN,2006,6.15388
BEN,2006,1.61429
BEN,2006,4.49723
BEN,2006,3.16053
BEN,2006,3.81273
BEN,2006,6.0296
BEN,2006,2.62641
BEN,2006,2.40654
BEN,2011,4.44043
BEN,2011,2.71505
BEN,2011,6.3561
BEN,2011,3.61254
BEN,2011,5.47211
BEN,2011,6.05165
BEN,2011,6.23361
BEN,2011,11.42587
BEN,2011,4.136369999999999
BEN,2011,2.1320099999999997
BEN,2011,3.98835
BEN,2011,12.113660000000001
BEN,2011,3.76732
BEN,2011,3.7755099999999997
BEN,2011,7.78188
BEN,2011,1.89133
BEN,2011,6.41788
BEN,2011,3.64399
BEN,2011,12.03241
BEN,2011,3.85394
BEN,2011,5.2687800000000005
BEN,2011,4.42387
BFA,1998,0.84825
BFA,1998,4.5758199999999984
BFA,1998,2.6111400000000002
BFA,1998,3.9215699999999996
BFA,1998,2.47765
BFA,1998,0.99329
BFA,1998,1.02341
BFA,1998,0.40589000000000003
BFA,1998,0.8966200000000001
BFA,1998,0.9502700000000001
BFA,1998,0.40208
BFA,1998,0.5451600000000001
BFA,1998,1.68865
BFA,1998,1.68661
BFA,1998,2.96526
BFA,1998,1.13489
BFA,1998,0.59706
BFA,2003,0.20811
BFA,2003,0.34976
BFA,2003,0.48444
BFA,2003,0.70733
BFA,2003,0.69325
BFA,2003,0.19874
BFA,2003,0.60023
BFA,2003,0.65984
BFA,2003,0.29405
BFA,2003,0.7354
BFA,2003,0.11488
BFA,2003,2.84654
BFA,2003,3.15049
BFA,2003,0.28339000000000003
BFA,2003,0.7339399999999999
BFA,2003,0.22041999999999998
BFA,2003,2.41891
BFA,2003,0.50741
BFA,2003,0.7890199999999999
BFA,2003,0.13068
BFA,2003,0.42018999999999995
BFA,2003,1.14111
BFA,2003,0.81486
BFA,2003,0.5994
BFA,2003,3.9296900000000003
BFA,2003,0.8467100000000001
BFA,2010,1.57041
BFA,2010,1.64205
BFA,2010,0.92891
BFA,2010,1.0691700000000002
BFA,2010,1.0291299999999999
BFA,2010,7.93802
BFA,2010,0.17536
BFA,2010,1.3502
BFA,2010,2.16115
BFA,2010,6.0083699999999975
BFA,2010,8.21778
BFA,2010,1.4955
BFA,2010,1.7547400000000002
BFA,2010,0.79995
BFA,2010,3.62765
BFA,2010,2.4914099999999997
BFA,2010,0.86979
BFA,2010,2.742
BFA,2010,1.8955099999999998
BFA,2010,1.95023
BFA,2010,0.95555
BFA,2010,6.36514
BFA,2010,1.2241799999999998
BFA,2010,0.55181
BFA,2010,0.6536
BGD,1999,1.2940200000000002
BGD,1999,1.00566
BGD,1999,0.56208
BGD,1999,1.9170599999999998
BGD,1999,0.57589
BGD,1999,11.30218
BGD,1999,2.20689
BGD,1999,3.4397900000000003
BGD,1999,0.50216
BGD,1999,7.66078
BGD,1999,8.00037
BGD,1999,1.75384
BGD,1999,2.8560000000000003
BGD,1999,1.8524599999999998
BGD,1999,0.25924
BGD,1999,0.62075
BGD,1999,4.1013
BGD,1999,1.5514
BGD,2004,0.9062100000000001
BGD,2004,1.74122
BGD,2004,14.434420000000001
BGD,2004,10.54236
BGD,2004,8.82819
BGD,2004,3.7088
BGD,2004,0.67209
BGD,2004,1.58766
BGD,2004,1.70643
BGD,2004,4.536169999999999
BGD,2004,2.09335
BGD,2004,2.51887
BGD,2004,2.47631
BGD,2004,3.22538
BGD,2004,0.08407
BGD,2004,3.13274
BGD,2004,5.191269999999999
BGD,2004,2.60849
BGD,2007,6.8289100000000005
BGD,2007,1.8108099999999998
BGD,2007,3.31219
BGD,2007,15.6163
BGD,2007,25.69145
BGD,2007,3.8303300000000013
BGD,2007,1.14295
BGD,2007,1.8670400000000005
BGD,2007,15.925770000000002
BGD,2007,5.364
BGD,2007,8.48264
BGD,2007,9.6747
BGD,2007,4.31046
BGD,2007,8.25797
BGD,2007,2.60989
BGD,2007,6.4537900000000015
BGD,2007,10.07655
BGD,2007,6.44838
BGD,2011,2.44814
BGD,2011,22.64885
BGD,2011,6.7307
BGD,2011,7.39043
BGD,2011,13.708910000000001
BGD,2011,9.460180000000001
BGD,2011,10.72931
BGD,2011,10.95027
BGD,2011,22.425520000000002
BGD,2011,13.25405
BGD,2011,14.807979999999999
BGD,2011,3.44159
BGD,2011,37.23977
BGD,2011,9.74061
BGD,2011,11.51328
BGD,2011,16.69142
BGD,2011,18.14095
BGD,2011,25.64934
BGD,2011,11.11333
BOL,1998,20.310579999999998
BOL,1998,22.80773
BOL,1998,25.33118
BOL,1998,6.71045
BOL,1998,6.34742
BOL,1998,22.273220000000002
BOL,1998,12.8259
BOL,1998,13.23449
BOL,1998,5.16976
BOL,1998,3.52775
BOL,1998,6.66793
BOL,1998,11.23735
BOL,1998,16.48228
BOL,1998,14.18992
BOL,1998,2.64345
BOL,1998,13.241060000000001
BOL,1998,16.03731
BOL,1998,11.42951
BOL,1998,44.52966
BOL,1998,5.4522
BOL,1998,5.31544
BOL,2003,8.652439999999999
BOL,2003,26.00829
BOL,2003,13.570110000000001
BOL,2003,29.458679999999998
BOL,2003,47.06765
BOL,2003,14.626370000000001
BOL,2003,2.71204
BOL,2003,21.33845
BOL,2003,4.91735
BOL,2003,8.55498
BOL,2003,8.07346
BOL,2003,17.58569
BOL,2003,12.88362
BOL,2003,12.42741
BOL,2003,5.7522
BOL,2003,9.26517
BOL,2003,6.8101600000000015
BOL,2003,18.33371
BOL,2003,14.622679999999999
BOL,2003,21.44219
BOL,2003,6.8009
BOL,2008,8.174439999999999
BOL,2008,19.0305
BOL,2008,10.435989999999999
BOL,2008,10.17342
BOL,2008,18.22693
BOL,2008,11.80396
BOL,2008,18.15759
BOL,2008,48.2285
BOL,2008,7.058860000000001
BOL,2008,23.134339999999998
BOL,2008,15.674710000000001
BOL,2008,15.65194
BOL,2008,7.77106
BOL,2008,9.89616
BOL,2008,36.07052
BOL,2008,30.70259
BOL,2008,4.7435599999999996
BOL,2008,13.37841
BOL,2008,25.70347000000001
BOL,2008,27.827109999999998
BOL,2008,31.005570000000002
BRA,1996,35.65656
BRA,1996,37.168240000000004
BRA,1996,12.47129
BRA,1996,20.10449
BRA,1996,46.89798
BRA,1996,44.55504000000001
BRA,1996,30.01391
BRA,1996,42.59836
BRA,1996,25.51049
BRA,1996,16.317529999999998
BRA,1996,49.07489
BRA,1996,20.38564
BRA,1996,46.52724
BRA,1996,67.68356
BRA,1996,27.03437000000001
BRA,1996,41.76279
BRA,1996,48.54752
CIV,1998,1.91497
CIV,1998,5.2305
CIV,1998,3.31734
CIV,1998,6.50151
CIV,1998,2.75179
CIV,1998,1.1976
CIV,1998,1.1976
CIV,1998,2.21495
CIV,1998,2.0505299999999997
CIV,1998,2.75765
CIV,1998,5.26173
CIV,1998,1.42147
CIV,1998,0.86169
CIV,1998,5.80552
CIV,1998,5.20023
CIV,2011,4.8380800000000015
CIV,2011,1.20766
CIV,2011,3.45856
CIV,2011,6.9324699999999995
CIV,2011,2.7057900000000004
CIV,2011,1.72128
CIV,2011,1.7876400000000001
CIV,2011,6.62397
CIV,2011,1.33384
CIV,2011,0.52254
CIV,2011,5.31209
CIV,2011,1.08887
CIV,2011,1.17415
CIV,2011,2.77906
CIV,2011,4.2893
CIV,2011,7.14394
CIV,2011,1.64632
CIV,2011,1.5646799999999998
CIV,2011,1.7571900000000005
CIV,2011,1.7417799999999999
CIV,2011,1.25662
CIV,2011,3.33019
CIV,2011,2.2463599999999997
CMR,2004,2.4001099999999997
CMR,2004,1.62376
CMR,2004,4.24581
CMR,2004,4.65854
CMR,2004,3.13118
CMR,2004,1.61575
CMR,2004,0.35723
CMR,2004,3.53188
CMR,2004,0.38995
CMR,2004,0.26699
CMR,2004,0.53184
CMR,2004,1.70186
CMR,2004,0.68158
CMR,2004,5.11247
CMR,2004,0.77447
CMR,2004,4.67706
CMR,2004,0.6059399999999999
CMR,2004,2.2222299999999997
CMR,2004,0.71973
CMR,2004,3.65539
CMR,2004,4.91017
CMR,2004,0.7098800000000001
CMR,2004,2.88426
CMR,2004,4.36755
CMR,2011,1.48971
CMR,2011,2.66335
CMR,2011,7.73235
CMR,2011,6.27569
CMR,2011,3.5794300000000003
CMR,2011,0.56486
CMR,2011,2.53646
CMR,2011,2.59018
CMR,2011,3.84383
CMR,2011,3.9892800000000004
CMR,2011,5.8899
CMR,2011,4.439030000000002
CMR,2011,10.80286
CMR,2011,5.2585
CMR,2011,7.0106800000000025
CMR,2011,2.23346
CMR,2011,2.4895
CMR,2011,1.0504200000000001
CMR,2011,3.42933
CMR,2011,0.5209600000000001
CMR,2011,6.00045
CMR,2011,4.06925
CMR,2011,1.41045
CMR,2011,11.51886
COD,2007,4.6372599999999995
COD,2007,4.77208
COD,2007,5.88208
COD,2007,3.2406200000000003
COD,2007,3.3490699999999998
COD,2007,4.20137
COD,2007,5.6974300000000015
COD,2007,3.82712
COD,2007,2.4198
COD,2007,4.80173
COD,2007,2.71578
COD,2007,14.611720000000002
COD,2007,10.374239999999999
COD,2007,3.06493
COD,2007,5.28498
COD,2007,3.50961
COD,2007,2.79698
COD,2007,2.44747
COD,2007,1.2302799999999998
COD,2007,6.594289999999999
COD,2007,3.8205199999999997
COD,2007,1.75308
COD,2007,3.42676
COD,2013,7.86361
COD,2013,8.13004
COD,2013,4.4728699999999995
COD,2013,7.38673
COD,2013,4.74887
COD,2013,2.33719
COD,2013,6.47042
COD,2013,3.23367
COD,2013,3.9710699999999997
COD,2013,6.7126600000000005
COD,2013,2.97753
COD,2013,3.07143
COD,2013,4.14825
COD,2013,5.94447
COD,2013,1.9399400000000002
COD,2013,2.0150200000000003
COD,2013,9.82498
COD,2013,3.30387
COD,2013,7.5866
COD,2013,9.9848
COD,2013,13.81065
COG,2005,3.21221
COG,2005,1.6274899999999999
COG,2005,3.39311
COG,2005,4.83188
COG,2005,4.34063
COG,2005,5.5959
COG,2005,2.9005099999999997
COG,2005,3.2101
COG,2005,2.20952
COG,2005,6.0742
COG,2005,4.40477
COG,2005,2.75661
COG,2005,2.57642
COG,2005,2.53695
COG,2005,1.98783
COG,2005,2.6107
COG,2011,6.95546
COG,2011,3.1462
COG,2011,7.03224
COG,2011,7.87171
COG,2011,3.3376099999999997
COG,2011,9.2549
COG,2011,4.57789
COG,2011,13.249279999999999
COG,2011,3.7957300000000003
COG,2011,5.89962
COG,2011,3.88475
COG,2011,3.993
COG,2011,1.90373
COG,2011,3.44967
COG,2011,1.87188
COG,2011,7.04445
COG,2011,2.5011900000000002
COG,2011,2.8530900000000003
COG,2011,4.04551
COG,2011,2.8029900000000003
COG,2011,6.6942699999999995
COG,2011,2.62407
COG,2011,0.6289600000000001
COG,2011,2.34198
COL,1995,15.450779999999998
COL,1995,10.90055
COL,1995,36.40977
COL,1995,18.31175
COL,1995,16.343329999999998
COL,1995,23.00927
COL,1995,23.39324
COL,1995,20.7289
COL,1995,15.63809
COL,1995,10.146460000000001
COL,1995,16.05348
COL,1995,13.125539999999999
COL,1995,5.24127
COL,1995,6.791
COL,1995,16.20869
COL,1995,16.566029999999998
COL,1995,22.497220000000002
COL,2000,19.01481
COL,2000,28.68549
COL,2000,22.67098
COL,2000,12.48133
COL,2000,40.82861
COL,2000,33.61503
COL,2000,20.83492
COL,2000,20.82822
COL,2000,23.13061
COL,2000,27.995009999999997
COL,2000,24.4744
COL,2000,25.43686
COL,2000,31.365309999999997
COL,2000,26.29918
COL,2000,14.39955
COL,2000,7.5416
COL,2000,9.40202
COL,2005,13.874989999999999
COL,2005,31.507820000000002
COL,2005,27.01349
COL,2005,21.3992
COL,2005,29.40614
COL,2005,47.6716
COL,2005,24.24764
COL,2005,17.11845
COL,2005,20.83411
COL,2005,28.10571
COL,2005,26.488940000000003
COL,2005,18.40286
COL,2005,27.799609999999998
COL,2005,16.28552
COL,2005,32.37251
COL,2005,34.54334
COL,2005,30.26383
COL,2005,31.07907
COL,2010,23.92738
COL,2010,38.44226
COL,2010,32.72229
COL,2010,33.38377
COL,2010,40.94708
COL,2010,45.29206
COL,2010,21.15902
COL,2010,38.49884
COL,2010,27.85935
COL,2010,23.42416
COL,2010,36.2089
COL,2010,36.96535
COL,2010,45.480309999999996
COL,2010,33.22681
COL,2010,36.00036
COL,2010,24.17268
COL,2010,26.838079999999998
COL,2010,29.568759999999997
COM,2012,16.23039
COM,2012,9.522860000000001
COM,2012,10.098410000000001
COM,2012,10.74233
COM,2012,19.24541
COM,2012,12.21605
COM,2012,3.4974
COM,2012,5.08975
COM,2012,8.50892
COM,2012,8.64586
COM,2012,6.3560300000000005
COM,2012,9.03753
COM,2012,10.973230000000001
DOM,1996,10.318760000000001
DOM,1996,31.07941
DOM,1996,37.92507
DOM,1996,13.60224
DOM,1996,33.10872
DOM,1996,26.10591
DOM,1996,18.67266
DOM,1996,25.67649
DOM,1996,20.30498
DOM,1996,20.62164
DOM,1996,26.53487
DOM,1996,30.57607
DOM,1996,44.81323
DOM,1996,13.57049
DOM,1996,22.14912
DOM,1996,15.371620000000002
DOM,1996,25.18797
DOM,1996,18.911920000000002
DOM,1996,32.68608
DOM,1996,27.60835
DOM,1999,32.94054000000001
DOM,1999,28.270690000000002
DOM,1999,27.61973
DOM,1999,13.53752
DOM,1999,25.709220000000002
DOM,1999,18.09059
DOM,1999,22.07643
DOM,1999,31.249390000000002
DOM,1999,46.28516
DOM,1999,30.350759999999998
DOM,1999,26.93377000000001
DOM,1999,39.9608
DOM,1999,31.615579999999998
DOM,1999,15.68171
DOM,1999,19.905829999999998
DOM,1999,20.83786
DOM,1999,51.32099
DOM,1999,34.53202
DOM,1999,11.16184
DOM,2002,15.130510000000001
DOM,2002,29.584640000000004
DOM,2002,52.91412
DOM,2002,24.94812
DOM,2002,34.72586
DOM,2002,29.9308
DOM,2002,25.9542
DOM,2002,10.84906
DOM,2002,38.91404
DOM,2002,30.7888
DOM,2002,40.26403
DOM,2002,23.47418
DOM,2002,23.9899
DOM,2002,10.850439999999999
DOM,2002,32.98153
DOM,2002,23.30269
DOM,2002,31.6984
DOM,2002,32.91815
DOM,2002,27.5
DOM,2002,33.02454
DOM,2002,17.27354
DOM,2002,24.853939999999998
DOM,2002,42.11278
DOM,2002,35.83618
DOM,2002,23.71795
DOM,2002,33.164559999999994
DOM,2002,33.54633
DOM,2002,15.51155
DOM,2002,33.23442
DOM,2002,31.1284
DOM,2002,20.56555
DOM,2002,19.13043
DOM,2002,39.80583
DOM,2002,37.14286
DOM,2002,18.35616
DOM,2002,19.90408
DOM,2002,39.18919
DOM,2002,45.53073
DOM,2002,20.24922
DOM,2002,15.384620000000002
DOM,2002,17.10037
DOM,2002,28.755359999999996
DOM,2002,39.3617
DOM,2002,39.23611
DOM,2007,25.83379
DOM,2007,34.11783
DOM,2007,36.42584
DOM,2007,44.86219000000001
DOM,2007,41.39954
DOM,2007,35.70439000000001
DOM,2007,49.087379999999996
DOM,2007,52.39298
DOM,2007,28.1559
DOM,2007,53.154619999999994
DOM,2007,48.79125
DOM,2007,34.98464
DOM,2007,42.33054
DOM,2007,63.56176
DOM,2007,29.771990000000002
DOM,2007,24.67415
DOM,2007,50.39001
DOM,2007,40.97594
DOM,2007,52.5729
DOM,2007,45.94845
DOM,2007,28.768520000000002
DOM,2007,21.60046
DOM,2007,44.20968
DOM,2007,9.39818
DOM,2007,22.95336
DOM,2007,59.132059999999996
DOM,2007,42.98519
DOM,2007,29.00199000000001
DOM,2007,37.23057
DOM,2007,37.462270000000004
DOM,2007,25.030829999999998
DOM,2007,43.27685
DOM,2007,38.61324000000001
DOM,2007,50.69144
DOM,2007,45.97143
DOM,2007,55.48751
DOM,2007,44.71662
DOM,2007,41.473
DOM,2007,31.07017
DOM,2007,41.18221
DOM,2007,29.37025
DOM,2007,53.81759
DOM,2007,44.215920000000004
DOM,2007,24.05518
EGY,1995,15.6188
EGY,1995,2.08509
EGY,1995,5.3852400000000005
EGY,1995,5.97359
EGY,1995,3.22498
EGY,1995,7.14191
EGY,1995,3.5468300000000004
EGY,1995,4.12484
EGY,1995,9.5013
EGY,1995,2.41132
EGY,1995,6.11665
EGY,1995,10.71561
EGY,1995,11.85339
EGY,1995,12.34708
EGY,1995,7.930110000000001
EGY,1995,3.3651400000000002
EGY,1995,11.2932
EGY,1995,6.0951699999999995
EGY,2000,10.43397
EGY,2000,23.194000000000006
EGY,2000,3.5641199999999995
EGY,2000,10.125060000000001
EGY,2000,6.26994
EGY,2000,15.2823
EGY,2000,9.26272
EGY,2000,12.58871
EGY,2000,5.68016
EGY,2000,12.527389999999999
EGY,2000,16.69572
EGY,2000,4.36519
EGY,2000,7.903410000000001
EGY,2000,3.7642300000000004
EGY,2000,5.3313
EGY,2000,19.33474
EGY,2000,17.70799
EGY,2000,8.86173
EGY,2005,14.566729999999998
EGY,2005,29.24437
EGY,2005,9.8276
EGY,2005,19.09834
EGY,2005,36.87811
EGY,2005,20.49372
EGY,2005,12.6851
EGY,2005,17.29443
EGY,2005,8.6822
EGY,2005,21.23276
EGY,2005,19.29371
EGY,2005,25.86871
EGY,2005,26.23667
EGY,2005,8.56714
EGY,2005,33.80253
EGY,2005,34.9021
EGY,2005,20.384629999999998
EGY,2005,14.27919
EGY,2008,17.79235
EGY,2008,22.04085
EGY,2008,35.8217
EGY,2008,44.884809999999995
EGY,2008,19.21256
EGY,2008,19.376620000000006
EGY,2008,29.156440000000003
EGY,2008,32.96071
EGY,2008,26.05937
EGY,2008,13.6496
EGY,2008,26.23998
EGY,2008,37.13865
EGY,2008,27.428459999999998
EGY,2008,38.54665
EGY,2008,43.193670000000004
EGY,2008,30.904190000000003
EGY,2008,15.80269
EGY,2008,19.9735
ETH,2000,0.54867
ETH,2000,5.11774
ETH,2000,0.84301
ETH,2000,0.13117
ETH,2000,0.20986
ETH,2000,8.93368
ETH,2000,0.18614
ETH,2000,3.6434900000000003
ETH,2000,0.16522
ETH,2000,1.169
ETH,2000,0.13349
ETH,2000,0.062310000000000004
ETH,2000,1.37883
ETH,2000,1.87595
ETH,2000,0.09935
ETH,2000,3.20864
ETH,2000,1.6703400000000002
ETH,2000,0.79461
ETH,2000,7.9439
ETH,2000,0.4334
ETH,2000,2.35839
ETH,2000,2.1821
ETH,2000,0.61135
ETH,2005,0.99465
ETH,2005,0.026489999999999996
ETH,2005,0.33423
ETH,2005,13.0865
ETH,2005,9.3719
ETH,2005,0.27669
ETH,2005,0.37788
ETH,2005,0.86655
ETH,2005,5.33979
ETH,2005,0.99371
ETH,2005,0.17598
ETH,2005,0.48646999999999996
ETH,2005,0.9596100000000001
ETH,2005,0.64422
ETH,2005,0.71586
ETH,2005,0.98414
ETH,2005,0.14831
ETH,2005,0.8552299999999999
ETH,2005,0.60225
ETH,2005,15.986360000000001
ETH,2005,3.4720800000000005
ETH,2005,1.6509599999999998
ETH,2005,3.29965
ETH,2011,0.4247
ETH,2011,14.28669
ETH,2011,8.14095
ETH,2011,0.50252
ETH,2011,0.49326000000000003
ETH,2011,0.5522
ETH,2011,0.647
ETH,2011,2.44382
ETH,2011,1.31495
ETH,2011,0.13255
ETH,2011,7.2396600000000015
ETH,2011,7.04184
ETH,2011,1.6282
ETH,2011,21.83468
ETH,2011,6.20975
ETH,2011,1.22733
ETH,2011,2.03736
ETH,2011,2.91824
ETH,2011,1.27989
ETH,2011,0.51199
ETH,2011,0.69319
ETH,2011,1.3115
ETH,2011,8.74888
GAB,2000,3.4844
GAB,2000,3.414
GAB,2000,4.01296
GAB,2000,5.37671
GAB,2000,5.80136
GAB,2000,4.30577
GAB,2000,8.084610000000001
GAB,2000,8.36655
GAB,2000,6.34349
GAB,2000,3.56034
GAB,2000,6.84007
GAB,2000,5.37979
GAB,2000,7.592589999999999
GAB,2000,3.4192699999999996
GAB,2000,5.5739199999999975
GAB,2000,2.5808400000000002
GAB,2000,3.25647
GAB,2012,9.674619999999999
GAB,2012,10.72607
GAB,2012,10.24845
GAB,2012,20.304029999999997
GAB,2012,5.92323
GAB,2012,7.5846899999999975
GAB,2012,10.59731
GAB,2012,8.317089999999999
GAB,2012,10.759039999999999
GAB,2012,9.34961
GAB,2012,9.93707
GAB,2012,4.05704
GAB,2012,5.03176
GAB,2012,11.56221
GAB,2012,3.8948699999999996
GAB,2012,13.67436
GAB,2012,3.97724
GAB,2012,6.829039999999999
GAB,2012,4.8982800000000015
GAB,2012,3.556
GAB,2012,5.05261
GAB,2012,4.9179
GHA,1998,1.54595
GHA,1998,12.9603
GHA,1998,6.49317
GHA,1998,2.92971
GHA,1998,4.6559800000000005
GHA,1998,3.7008300000000003
GHA,1998,1.46898
GHA,1998,4.24276
GHA,1998,2.51742
GHA,1998,3.3056099999999997
GHA,1998,3.1419099999999998
GHA,1998,1.40855
GHA,1998,1.80843
GHA,1998,8.50655
GHA,1998,3.58035
GHA,1998,1.40399
GHA,1998,5.68278
GHA,1998,2.03219
GHA,1998,1.04644
GHA,1998,11.68492
GHA,1998,4.4319
GHA,1998,2.2673400000000004
GHA,2003,3.9561800000000003
GHA,2003,1.4840799999999998
GHA,2003,1.681
GHA,2003,1.77118
GHA,2003,2.86102
GHA,2003,4.13586
GHA,2003,7.5747100000000005
GHA,2003,3.4199300000000004
GHA,2003,1.72938
GHA,2003,1.90277
GHA,2003,12.18265
GHA,2003,2.23787
GHA,2003,1.8469200000000001
GHA,2003,0.4933
GHA,2003,6.4346
GHA,2003,11.97887
GHA,2003,4.36456
GHA,2003,2.55754
GHA,2003,3.8865
GHA,2003,3.6718800000000003
GHA,2003,1.0479399999999999
GHA,2003,1.57284
GHA,2008,10.55552
GHA,2008,11.00104
GHA,2008,3.4261699999999995
GHA,2008,4.67365
GHA,2008,7.885219999999999
GHA,2008,14.969529999999999
GHA,2008,9.07456
GHA,2008,5.84698
GHA,2008,1.31028
GHA,2008,5.01231
GHA,2008,8.38772
GHA,2008,10.00654
GHA,2008,2.54813
GHA,2008,4.52489
GHA,2008,7.6194
GHA,2008,10.650889999999999
GHA,2008,10.22837
GHA,2008,6.03691
GHA,2008,4.91179
GHA,2008,5.39944
GHA,2008,1.12979
GHA,2008,3.46379
GIN,1999,1.8214400000000002
GIN,1999,2.13347
GIN,1999,0.9076
GIN,1999,4.0689
GIN,1999,0.9757600000000001
GIN,1999,1.61168
GIN,1999,5.24348
GIN,1999,1.28014
GIN,1999,1.19516
GIN,1999,7.002789999999999
GIN,1999,2.54527
GIN,1999,2.39957
GIN,1999,1.52457
GIN,1999,1.4026100000000001
GIN,1999,1.18126
GIN,1999,5.8007599999999995
GIN,1999,1.5733700000000002
GIN,2005,0.49325
GIN,2005,0.92195
GIN,2005,1.12789
GIN,2005,1.07115
GIN,2005,1.91667
GIN,2005,6.46457
GIN,2005,1.82303
GIN,2005,0.37972
GIN,2005,11.21262
GIN,2005,3.4196199999999997
GIN,2005,1.6656900000000001
GIN,2005,4.55218
GIN,2005,0.77267
GIN,2005,1.09235
GIN,2005,0.42133000000000004
GIN,2005,1.99843
GIN,2005,8.08869
GIN,2005,0.97711
GIN,2005,0.8530399999999999
GIN,2005,1.87545
GIN,2012,1.72537
GIN,2012,0.61341
GIN,2012,7.86666
GIN,2012,1.6084
GIN,2012,0.57243
GIN,2012,1.21106
GIN,2012,3.30996
GIN,2012,4.10939
GIN,2012,5.90607
GIN,2012,5.86929
GIN,2012,7.41264
GIN,2012,1.70412
GIN,2012,1.51292
GIN,2012,1.71449
GIN,2012,2.2597400000000003
GIN,2012,2.07726
GIN,2012,1.92641
GIN,2012,0.70036
GTM,1995,26.54832
GTM,1995,1.7635900000000002
GTM,1995,7.446439999999999
GTM,1995,2.56943
GTM,1995,12.65686
GTM,1995,16.01633
GTM,1995,3.0367599999999997
GTM,1995,7.722410000000001
GTM,1995,4.39064
GTM,1995,7.949439999999999
GTM,1995,8.83188
GTM,1995,25.43084
GTM,1995,8.393460000000001
GTM,1995,4.64387
GTM,1995,3.37037
GTM,1995,9.01182
GTM,1995,5.6107
GTM,1995,3.73795
GTM,1995,15.12718
GTM,1998,11.53706
GTM,1998,17.04104
GTM,1998,32.38345
GTM,1998,7.387869999999999
GTM,1998,10.20558
GTM,1998,19.29399
GTM,1998,6.43772
GTM,1998,1.63455
GTM,1998,22.92752
GTM,1998,10.087710000000001
GTM,1998,5.45785
GTM,1998,5.6631599999999995
GTM,1998,1.45618
GTM,1998,6.32801
GTM,1998,19.45392
GTM,1998,3.64569
GTM,1998,12.7126
GTM,1998,12.22527
GTM,1998,7.2888800000000025
GTM,1998,3.42046
GUY,2009,11.75405
GUY,2009,11.90354
GUY,2009,5.58619
GUY,2009,16.85725
GUY,2009,14.47466
GUY,2009,12.53218
GUY,2009,13.81749
GUY,2009,17.650920000000006
GUY,2009,20.73982
GUY,2009,5.89942
GUY,2009,12.09971
GUY,2009,18.5464
GUY,2009,3.53281
GUY,2009,12.195789999999999
GUY,2009,2.35642
GUY,2009,2.69937
GUY,2009,18.80554
GUY,2009,10.1715
GUY,2009,22.58632
GUY,2009,16.94815
GUY,2009,14.764529999999999
GUY,2009,5.32528
HND,2005,6.88501
HND,2005,7.96426
HND,2005,10.07413
HND,2005,4.90422
HND,2005,12.75606
HND,2005,14.42651
HND,2005,19.88405
HND,2005,19.78922
HND,2005,24.82048
HND,2005,7.41297
HND,2005,24.30811
HND,2005,13.318179999999998
HND,2005,9.097710000000001
HND,2005,15.843929999999999
HND,2005,6.11872
HND,2005,18.89312
HND,2005,9.43148
HND,2005,15.0205
HND,2005,9.04017
HND,2005,16.37456
HND,2005,11.4729
HND,2005,11.64725
HND,2005,8.13982
HND,2005,6.9379300000000015
HND,2005,19.75168
HND,2005,11.42323
HND,2005,7.2603
HND,2005,5.9051800000000005
HND,2011,18.20168
HND,2011,13.68268
HND,2011,32.686440000000005
HND,2011,14.463239999999999
HND,2011,19.003729999999997
HND,2011,24.64934
HND,2011,26.99111
HND,2011,7.8708
HND,2011,19.0038
HND,2011,13.442570000000002
HND,2011,25.918120000000002
HND,2011,7.155139999999999
HND,2011,20.51043
HND,2011,24.596610000000002
HND,2011,11.812289999999999
HND,2011,17.40858
HND,2011,31.00002000000001
HND,2011,13.49666
HND,2011,18.56436
HND,2011,16.47886
HND,2011,11.88309
HND,2011,8.40372
HND,2011,14.99608
HND,2011,14.803429999999999
HND,2011,13.131960000000001
HND,2011,16.1282
HND,2011,22.025570000000002
HND,2011,11.15873
HND,2011,25.43882
HND,2011,17.0125
HTI,1994,1.54138
HTI,1994,0.13129000000000002
HTI,1994,0.68897
HTI,1994,8.00499
HTI,1994,8.737119999999999
HTI,1994,0.59539
HTI,1994,0.51751
HTI,1994,0.48976000000000003
HTI,1994,3.7997199999999998
HTI,1994,1.58028
HTI,1994,0.55918
HTI,1994,1.23364
HTI,1994,5.21127
HTI,1994,0.5244300000000001
HTI,1994,0.85064
HTI,2000,0.23722
HTI,2000,0.69202
HTI,2000,0.435
HTI,2000,2.00557
HTI,2000,1.25676
HTI,2000,7.130539999999999
HTI,2000,0.5707300000000001
HTI,2000,0.82221
HTI,2000,3.66413
HTI,2000,0.5555399999999999
HTI,2000,1.66418
HTI,2000,6.84041
HTI,2000,1.54469
HTI,2000,1.40257
HTI,2000,1.1072799999999998
HTI,2000,4.2152400000000005
HTI,2000,1.02688
HTI,2000,1.2223
HTI,2000,0.32228
HTI,2000,0.27829
HTI,2000,0.71501
HTI,2000,0.8847799999999999
HTI,2005,0.6126699999999999
HTI,2005,8.84248
HTI,2005,3.35886
HTI,2005,11.79531
HTI,2005,1.71112
HTI,2005,2.6631400000000003
HTI,2005,6.15294
HTI,2005,1.3857700000000002
HTI,2005,3.7854900000000002
HTI,2005,0.52809
HTI,2005,0.79886
HTI,2005,1.08741
HTI,2005,1.09637
HTI,2005,1.37982
HTI,2005,1.83919
HTI,2005,1.36951
HTI,2005,0.2567
HTI,2005,4.6119699999999995
HTI,2005,5.046209999999999
HTI,2005,1.60016
HTI,2005,1.78178
HTI,2005,2.81134
HTI,2012,10.21301
HTI,2012,2.09136
HTI,2012,1.32631
HTI,2012,1.44297
HTI,2012,7.47457
HTI,2012,5.346
HTI,2012,5.6656699999999995
HTI,2012,2.8017
HTI,2012,16.31317
HTI,2012,10.27652
HTI,2012,3.5160099999999996
HTI,2012,3.96591
HTI,2012,6.08169
HTI,2012,2.9706799999999998
HTI,2012,4.0649
HTI,2012,7.80583
HTI,2012,3.4498599999999997
HTI,2012,2.4830900000000002
HTI,2012,6.47422
HTI,2012,2.3858200000000003
HTI,2012,5.69316
HTI,2012,4.50714
HTI,2012,2.55465
IDN,1994,1.64569
IDN,1994,2.68918
IDN,1994,0.57255
IDN,1994,2.33937
IDN,1994,1.6584900000000002
IDN,1994,5.18596
IDN,1994,4.802169999999999
IDN,1994,2.23411
IDN,1994,1.66347
IDN,1994,0.8819
IDN,1994,0.6833100000000001
IDN,1994,0.63332
IDN,1994,1.1073
IDN,1994,1.1948299999999998
IDN,1994,1.88002
IDN,1994,5.0910400000000005
IDN,1994,1.7959
IDN,1994,2.4879599999999997
IDN,1994,6.06947
IDN,1994,2.13055
IDN,1994,5.94801
IDN,1994,0.8426899999999999
IDN,1994,5.71315
IDN,1994,3.8262699999999996
IDN,1994,2.3675200000000003
IDN,1994,3.0950900000000003
IDN,1994,2.6680900000000003
IDN,1994,6.52255
IDN,1994,2.9325200000000002
IDN,1994,1.58461
IDN,1994,1.8819
IDN,1994,1.87809
IDN,1994,2.21076
IDN,1994,0.8718100000000001
IDN,1997,2.4608
IDN,1997,3.6877800000000014
IDN,1997,3.88709
IDN,1997,6.3181
IDN,1997,7.36832
IDN,1997,3.53188
IDN,1997,3.9638
IDN,1997,4.4551300000000005
IDN,1997,5.93956
IDN,1997,4.55278
IDN,1997,4.09903
IDN,1997,1.93704
IDN,1997,9.30234
IDN,1997,4.276009999999999
IDN,1997,2.30748
IDN,1997,2.27815
IDN,1997,0.9015299999999999
IDN,1997,10.1139
IDN,1997,2.4992900000000002
IDN,1997,6.755089999999999
IDN,1997,2.92175
IDN,1997,2.51171
IDN,1997,2.34128
IDN,1997,1.85877
IDN,1997,2.0552599999999996
IDN,1997,4.20484
IDN,1997,4.3682
IDN,1997,1.7365
IDN,1997,3.8860300000000003
IDN,1997,8.44943
IDN,1997,2.27541
IDN,1997,2.32137
IDN,1997,2.69136
IDN,1997,3.4099
IDN,1997,5.18929
IDN,1997,2.94663
IDN,1997,4.02556
IDN,1997,3.3090300000000004
IDN,1997,1.65405
IDN,2002,1.6486599999999998
IDN,2002,6.603089999999999
IDN,2002,6.923210000000001
IDN,2002,0.61044
IDN,2002,1.8849599999999997
IDN,2002,13.67854
IDN,2002,4.86223
IDN,2002,4.3853800000000005
IDN,2002,0.65512
IDN,2002,1.83119
IDN,2002,3.7605199999999996
IDN,2002,0.81892
IDN,2002,4.0141
IDN,2002,4.6
IDN,2002,10.45547
IDN,2002,0.41205
IDN,2002,2.2042900000000003
IDN,2002,1.63785
IDN,2002,6.30225
IDN,2002,3.55706
IDN,2002,6.44664
IDN,2002,11.675880000000001
IDN,2002,2.4536
IDN,2002,3.21285
IDN,2002,4.37239
IDN,2002,6.43875
IDN,2002,3.16648
IDN,2002,3.16383
IDN,2002,1.29092
IDN,2002,2.0565599999999997
IDN,2002,0.06928
IDN,2002,3.3643699999999996
IDN,2002,0.54257
IDN,2002,1.4318899999999999
IDN,2002,2.26678
IDN,2002,1.88865
IDN,2002,6.13914
IDN,2002,1.47888
IDN,2007,6.0793
IDN,2007,1.75033
IDN,2007,2.56757
IDN,2007,10.134910000000001
IDN,2007,16.811220000000002
IDN,2007,3.8679699999999997
IDN,2007,5.08876
IDN,2007,7.32412
IDN,2007,7.50285
IDN,2007,4.52152
IDN,2007,11.001710000000001
IDN,2007,2.69069
IDN,2007,13.77784
IDN,2007,7.92443
IDN,2007,4.6088
IDN,2007,3.2810699999999997
IDN,2007,4.1783
IDN,2007,2.73005
IDN,2007,2.98808
IDN,2007,6.721660000000001
IDN,2007,11.1884
IDN,2007,3.19245
IDN,2007,13.05636
IDN,2007,12.1549
IDN,2007,4.2557
IDN,2007,8.70225
IDN,2007,11.37059
IDN,2007,3.83322
IDN,2007,10.260539999999999
IDN,2007,8.65574
IDN,2007,3.92791
IDN,2007,6.2840300000000004
IDN,2007,5.41794
IDN,2007,1.36069
IDN,2007,2.97364
IDN,2007,1.8118599999999998
IDN,2007,4.9111400000000005
IDN,2007,6.9511899999999995
IDN,2007,3.7792199999999996
IDN,2007,9.031419999999999
IDN,2007,9.38327
IDN,2007,4.18604
IDN,2007,2.07084
IDN,2007,4.81091
IDN,2007,4.90201
IDN,2012,12.01499
IDN,2012,12.58968
IDN,2012,11.44616
IDN,2012,8.9992
IDN,2012,15.389579999999999
IDN,2012,16.768179999999994
IDN,2012,23.13505
IDN,2012,3.71621
IDN,2012,15.45485
IDN,2012,6.63238
IDN,2012,7.9211800000000006
IDN,2012,2.66852
IDN,2012,9.650260000000001
IDN,2012,5.82483
IDN,2012,14.45398
IDN,2012,11.962660000000001
IDN,2012,6.721539999999999
IDN,2012,12.04615
IDN,2012,18.63808
IDN,2012,5.207409999999999
IDN,2012,9.2459
IDN,2012,8.18413
IDN,2012,20.27786
IDN,2012,11.97901
IDN,2012,26.46937
IDN,2012,22.42075
IDN,2012,4.707330000000002
IDN,2012,14.648079999999998
IDN,2012,8.94159
IDN,2012,10.748289999999999
IDN,2012,3.5670300000000004
IDN,2012,12.476360000000001
IDN,2012,13.69004
IDN,2012,15.45035
IDN,2012,12.640999999999998
IDN,2012,7.06365
IDN,2012,7.6628300000000005
IDN,2012,5.03616
IDN,2012,8.40359
IDN,2012,14.52677
IDN,2012,12.32702
IDN,2012,12.943389999999999
IDN,2012,9.69489
IDN,2012,8.36125
IDN,2012,3.8647199999999997
IND,2005,8.07043
IND,2005,3.47789
IND,2005,5.6391300000000015
IND,2005,6.50692
IND,2005,6.98774
IND,2005,25.74585
IND,2005,8.82479
IND,2005,12.38653
IND,2005,17.5632
IND,2005,16.78398
IND,2005,2.47743
IND,2005,1.52566
IND,2005,16.518079999999998
IND,2005,5.296819999999999
IND,2005,13.71865
IND,2005,2.93401
IND,2005,8.98366
IND,2005,8.90024
IND,2005,12.33319
IND,2005,4.1167300000000004
IND,2005,10.178289999999999
IND,2005,3.85875
IND,2005,3.8032
IND,2005,4.3682300000000005
IND,2005,3.07954
IND,2005,5.24817
IND,2005,25.74002
IND,2005,8.12124
IND,2005,1.95185
IND,2005,12.878630000000001
IND,2005,5.09205
IND,2005,3.5164400000000002
IND,2005,6.165109999999999
IND,2005,4.14101
IND,2005,30.0696
IND,2005,20.27896
IND,2005,13.491439999999999
IND,2005,12.55101
IND,2005,11.587060000000001
IND,2005,22.17886
IND,2005,15.514520000000001
JOR,1997,10.46354
JOR,1997,12.1446
JOR,1997,12.80832
JOR,1997,10.52237
JOR,1997,10.964789999999999
JOR,1997,11.96911
JOR,1997,6.2412300000000025
JOR,1997,7.9946699999999975
JOR,1997,10.071010000000001
JOR,1997,10.12807
JOR,1997,11.53797
JOR,1997,8.19735
JOR,1997,11.63648
JOR,1997,10.77554
JOR,1997,8.07007
JOR,2002,15.04365
JOR,2002,14.69546
JOR,2002,15.244720000000001
JOR,2002,16.00723
JOR,2002,18.12132
JOR,2002,18.93356
JOR,2002,16.3364
JOR,2002,23.23656
JOR,2002,14.49569
JOR,2002,16.86026
JOR,2002,16.88211
JOR,2002,14.7612
JOR,2002,13.122620000000001
JOR,2002,14.89006
JOR,2002,17.40379
JOR,2007,15.380870000000002
JOR,2007,24.47687
JOR,2007,18.08869
JOR,2007,17.26632
JOR,2007,15.54626
JOR,2007,17.864079999999994
JOR,2007,20.48259
JOR,2007,19.76226
JOR,2007,17.379839999999998
JOR,2007,18.75303
JOR,2007,21.25636
JOR,2007,27.79409
JOR,2007,16.90672
JOR,2007,20.47932
JOR,2007,19.01128
JOR,2012,31.14262
JOR,2012,33.63066
JOR,2012,23.38938
JOR,2012,25.21262
JOR,2012,26.704340000000002
JOR,2012,29.94756
JOR,2012,27.83322
JOR,2012,28.275509999999997
JOR,2012,28.35043
JOR,2012,17.6322
JOR,2012,27.895
JOR,2012,32.22619
JOR,2012,28.64557000000001
JOR,2012,29.1822
JOR,2012,26.4082
KAZ,1999,12.80293
KAZ,1999,12.96972
KAZ,1999,7.71501
KAZ,1999,12.07008
KAZ,1999,11.23817
KAZ,1999,11.49206
KAZ,1999,4.92813
KAZ,1999,7.83776
KAZ,1999,8.36712
KAZ,1999,9.38817
KAZ,1999,7.42661
KAZ,1999,7.45701
KAZ,1999,20.408160000000002
KAZ,1999,9.09971
KAZ,1999,13.10931
KAZ,1999,9.38348
KEN,1993,4.29632
KEN,1993,11.06584
KEN,1993,2.17141
KEN,1993,2.86115
KEN,1993,4.19851
KEN,1993,4.47253
KEN,1993,6.58215
KEN,1993,4.9707099999999995
KEN,1993,5.345269999999998
KEN,1993,9.61304
KEN,1993,4.56888
KEN,1993,8.835
KEN,1993,16.33663
KEN,1993,4.63986
KEN,1993,5.00364
KEN,1993,5.82085
KEN,1993,2.35093
KEN,1993,2.29704
KEN,1993,8.34416
KEN,2003,9.4491
KEN,2003,1.20898
KEN,2003,2.78881
KEN,2003,4.41613
KEN,2003,2.78511
KEN,2003,2.98912
KEN,2003,9.54481
KEN,2003,3.22582
KEN,2003,3.6348800000000003
KEN,2003,1.7856900000000002
KEN,2003,11.18639
KEN,2003,2.5948599999999997
KEN,2003,4.20505
KEN,2003,1.87842
KEN,2003,6.18244
KEN,2003,3.82115
KEN,2003,2.20131
KEN,2003,2.5414
KEN,2003,10.31579
KEN,2003,4.28186
KEN,2008,6.42192
KEN,2008,1.9980099999999998
KEN,2008,6.08626
KEN,2008,3.09347
KEN,2008,6.3826300000000025
KEN,2008,1.21828
KEN,2008,12.427760000000001
KEN,2008,14.34764
KEN,2008,5.10312
KEN,2008,7.096239999999999
KEN,2008,11.33985
KEN,2008,4.9941
KEN,2008,7.85677
KEN,2008,5.12385
KEN,2008,3.5098199999999995
KEN,2008,4.44351
KEN,2008,0.5553
KEN,2008,11.54907
KEN,2008,14.47429
KEN,2008,5.86854
KGZ,2012,8.870289999999997
KGZ,2012,10.73671
KGZ,2012,5.80409
KGZ,2012,7.738060000000001
KGZ,2012,3.4936
KGZ,2012,3.69337
KGZ,2012,4.00948
KGZ,2012,4.55732
KGZ,2012,2.7545
KGZ,2012,3.8214
KGZ,2012,9.2363
KGZ,2012,2.9517
KGZ,2012,7.6027
KGZ,2012,4.3596
KGZ,2012,2.4689
KGZ,2012,7.827189999999999
KGZ,2012,12.189869999999999
KHM,2000,0.92937
KHM,2000,0.2769
KHM,2000,0.52431
KHM,2000,0.47208
KHM,2000,0.23258
KHM,2000,0.5846899999999999
KHM,2000,0.22268000000000002
KHM,2000,0.73292
KHM,2000,0.31264000000000003
KHM,2000,0.4071
KHM,2000,0.5807399999999999
KHM,2000,1.12271
KHM,2000,0.8236399999999999
KHM,2000,3.21239
KHM,2000,3.35175
KHM,2000,0.99379
KHM,2000,0.8646299999999999
KHM,2000,0.9234100000000001
KHM,2000,0.51326
KHM,2000,1.2096799999999999
KHM,2000,0.74573
KHM,2000,1.02624
KHM,2000,3.6246400000000003
KHM,2000,0.42072
KHM,2000,0.4424
KHM,2000,0.64645
KHM,2000,4.6206
KHM,2000,1.11858
KHM,2000,0.0
KHM,2000,0.0
KHM,2000,0.0
KHM,2000,0.0
KHM,2000,0.0
KHM,2000,0.0
KHM,2000,0.0
KHM,2005,1.84105
KHM,2005,0.9688399999999999
KHM,2005,1.62095
KHM,2005,1.26062
KHM,2005,1.37868
KHM,2005,1.33097
KHM,2005,1.41467
KHM,2005,5.91717
KHM,2005,0.9671299999999999
KHM,2005,0.73177
KHM,2005,0.32303000000000004
KHM,2005,2.12403
KHM,2005,1.7941599999999998
KHM,2005,0.86259
KHM,2005,1.14857
KHM,2005,4.45664
KHM,2005,2.19278
KHM,2005,0.26069000000000003
KHM,2005,1.9565099999999997
KHM,2005,1.07494
KHM,2005,6.2356
KHM,2005,7.19725
KHM,2005,1.18448
KHM,2005,1.47242
KHM,2005,0.72116
KHM,2005,2.92395
KHM,2005,0.25443000000000005
KHM,2005,0.76545
KHM,2005,1.17395
KHM,2005,0.94532
KHM,2005,1.10873
KHM,2010,1.2566700000000002
KHM,2010,2.0928
KHM,2010,9.57579
KHM,2010,2.94814
KHM,2010,0.82257
KHM,2010,0.88366
KHM,2010,2.74035
KHM,2010,1.5348600000000001
KHM,2010,4.67129
KHM,2010,2.07952
KHM,2010,1.14531
KHM,2010,6.32346
KHM,2010,1.9916
KHM,2010,3.18549
KHM,2010,1.5105899999999999
KHM,2010,2.15992
KHM,2010,3.0335
KHM,2010,1.19769
KHM,2010,8.23017
KHM,2010,9.9291
KHM,2010,1.83037
KHM,2010,2.9287400000000003
KHM,2010,1.8621
KHM,2010,2.69755
KHM,2010,1.09015
KHM,2010,1.73015
KHM,2010,1.36973
KHM,2010,2.51366
KHM,2010,2.0069
KHM,2010,3.017
KHM,2010,4.39677
LBR,2007,3.36398
LBR,2007,4.29781
LBR,2007,5.40937
LBR,2007,6.37777
LBR,2007,5.69749
LBR,2007,7.472939999999999
LBR,2007,3.5943300000000002
LBR,2007,3.5611
LBR,2007,0.77356
LBR,2007,1.9148900000000002
LBR,2007,2.62279
LBR,2007,1.95724
LBR,2007,3.23546
LBR,2007,2.672
LBR,2007,0.91917
LBR,2007,2.75274
LBR,2007,1.96527
LBR,2007,6.25861
LBR,2013,2.23158
LBR,2013,2.67496
LBR,2013,3.14361
LBR,2013,3.3605099999999997
LBR,2013,5.05938
LBR,2013,2.24148
LBR,2013,3.87532
LBR,2013,6.28532
LBR,2013,3.33711
LBR,2013,9.56939
LBR,2013,2.46792
LBR,2013,3.24922
LBR,2013,4.15367
LBR,2013,2.20142
LBR,2013,4.99783
LSO,2004,4.91065
LSO,2004,7.9885800000000025
LSO,2004,9.0702
LSO,2004,5.279059999999999
LSO,2004,2.94844
LSO,2004,3.7865800000000003
LSO,2004,4.62651
LSO,2004,4.97485
LSO,2004,5.93231
LSO,2004,3.9988599999999996
LSO,2004,7.899260000000001
LSO,2004,2.45248
LSO,2004,7.01628
LSO,2004,4.6305
LSO,2004,2.8032
LSO,2004,4.82017
LSO,2004,5.57229
LSO,2004,5.07797
LSO,2004,5.23402
LSO,2004,3.99011
LSO,2004,6.05861
LSO,2004,5.4559
LSO,2009,0.4491600000000001
LSO,2009,2.6541900000000003
LSO,2009,6.04022
LSO,2009,3.91756
LSO,2009,5.24902
LSO,2009,7.37144
LSO,2009,9.692160000000001
LSO,2009,5.67546
LSO,2009,11.3783
LSO,2009,4.64765
LSO,2009,7.63628
LSO,2009,14.81601
LSO,2009,3.3446800000000003
LSO,2009,6.72745
LSO,2009,3.59891
LSO,2009,9.63428
LSO,2009,9.29081
LSO,2009,5.63325
LSO,2009,6.18719
LSO,2009,4.36226
LSO,2009,7.4440399999999975
LSO,2009,3.44696
MAR,2003,9.13513
MAR,2003,5.32105
MAR,2003,14.564879999999999
MAR,2003,16.04028
MAR,2003,2.72886
MAR,2003,5.48011
MAR,2003,1.4799799999999999
MAR,2003,1.592
MAR,2003,4.80543
MAR,2003,1.95774
MAR,2003,3.44038
MAR,2003,7.54838
MAR,2003,2.479
MAR,2003,7.085139999999999
MAR,2003,14.28469
MAR,2003,7.1169100000000025
MAR,2003,4.62933
MAR,2003,6.42513
MAR,2003,4.27033
MAR,2003,5.13175
MAR,2003,2.80998
MAR,2003,3.1637299999999997
MAR,2003,2.1407599999999998
MAR,2003,3.9751
MAR,2003,4.782369999999999
MAR,2003,3.673
MDA,2005,7.5854800000000004
MDA,2005,8.43633
MDA,2005,7.2690800000000015
MDA,2005,10.893139999999999
MDA,2005,3.7704800000000014
MDA,2005,6.95746
MDA,2005,7.79652
MDA,2005,13.79163
MDA,2005,9.19782
MDA,2005,9.74179
MDA,2005,8.58268
MDA,2005,8.232380000000001
MDA,2005,4.19782
MDA,2005,12.66198
MDG,2003,1.2328700000000001
MDG,2003,2.7133700000000003
MDG,2003,2.17061
MDG,2003,0.75949
MDG,2003,0.81242
MDG,2003,0.14295
MDG,2003,0.29055
MDG,2003,0.75859
MDG,2003,2.5784
MDG,2003,0.31792
MDG,2003,0.68328
MDG,2003,2.17292
MDG,2003,0.55615
MDG,2003,1.27532
MDG,2003,1.1169799999999999
MDG,2003,0.56017
MDG,2003,2.30288
MDG,2003,0.71102
MDG,2008,0.52876
MDG,2008,0.59996
MDG,2008,0.16471
MDG,2008,1.2946
MDG,2008,4.95259
MDG,2008,6.72182
MDG,2008,0.72722
MDG,2008,1.14595
MDG,2008,5.7416300000000025
MDG,2008,1.7570299999999999
MDG,2008,0.37979
MDG,2008,0.9356200000000001
MDG,2008,0.7641
MDG,2008,0.71441
MDG,2008,0.22651999999999997
MDG,2008,1.54071
MDG,2008,1.33444
MDG,2008,1.57145
MDG,2008,1.92267
MDG,2008,0.4731
MDG,2008,0.50371
MDG,2008,0.68181
MDG,2008,4.28834
MDG,2008,0.22962
MDG,2008,0.97888
MDG,2008,0.48365
MDG,2008,1.03225
MDG,2008,3.1484400000000003
MDG,2008,0.7104699999999999
MDG,2008,0.41418
MDG,2008,1.10495
MDG,2008,0.8664
MDG,2008,3.2488900000000003
MDG,2008,0.0
MDV,2009,32.27623
MDV,2009,29.83448
MDV,2009,33.37385
MDV,2009,26.627909999999996
MDV,2009,37.80289000000001
MDV,2009,38.33327
MDV,2009,38.53431
MDV,2009,31.37337
MDV,2009,27.1388
MDV,2009,21.72653
MDV,2009,25.35089
MDV,2009,40.5545
MDV,2009,32.88285
MDV,2009,38.33327
MDV,2009,28.308009999999996
MDV,2009,32.68353
MDV,2009,20.017879999999998
MDV,2009,35.77786
MLI,2001,0.39944
MLI,2001,1.14988
MLI,2001,1.34467
MLI,2001,0.41285
MLI,2001,0.78691
MLI,2001,3.33261
MLI,2001,5.2763
MLI,2001,3.34659
MLI,2001,0.81428
MLI,2001,0.38387
MLI,2001,0.59451
MLI,2001,1.7718599999999998
MLI,2001,1.30088
MLI,2001,0.43845
MLI,2001,0.59697
MLI,2001,0.77398
MLI,2001,0.23631999999999997
MLI,2001,4.92014
MLI,2001,0.70026
MLI,2001,0.12252
MLI,2001,0.32549
MLI,2006,0.58312
MLI,2006,0.62125
MLI,2006,0.92061
MLI,2006,1.07376
MLI,2006,1.59612
MLI,2006,1.61534
MLI,2006,1.51695
MLI,2006,3.9129699999999996
MLI,2006,4.74485
MLI,2006,0.7532300000000001
MLI,2006,4.7548
MLI,2006,4.91507
MLI,2006,1.43038
MLI,2006,1.14735
MLI,2006,0.11385999999999999
MLI,2006,6.50208
MLI,2006,1.4187299999999998
MLI,2006,0.4627600000000001
MLI,2006,0.78135
MLI,2006,0.76457
MLI,2006,0.76447
MLI,2012,1.77951
MLI,2012,6.46854
MLI,2012,1.57665
MLI,2012,6.82908
MLI,2012,0.8788
MLI,2012,3.44412
MLI,2012,3.8601400000000003
MLI,2012,5.82143
MLI,2012,1.69993
MLI,2012,2.26523
MLI,2012,3.7470800000000004
MLI,2012,1.37306
MLI,2012,7.2663
MLI,2012,1.93527
MLI,2012,0.9502700000000001
MLI,2012,1.9640799999999998
MOZ,2003,8.05753
MOZ,2003,1.9863099999999998
MOZ,2003,11.165410000000001
MOZ,2003,2.1556599999999997
MOZ,2003,2.30555
MOZ,2003,1.8393700000000002
MOZ,2003,0.22981
MOZ,2003,0.5808800000000001
MOZ,2003,5.3296
MOZ,2003,0.29712
MOZ,2003,0.51417
MOZ,2003,0.89891
MOZ,2003,0.74131
MOZ,2003,1.8736099999999998
MOZ,2003,6.29295
MOZ,2003,0.48621000000000003
MOZ,2003,0.7725
MOZ,2003,1.2345899999999999
MOZ,2003,1.04583
MOZ,2003,0.72078
MOZ,2003,2.27723
MOZ,2003,0.52996
MOZ,2003,9.77474
MOZ,2011,4.4236900000000015
MOZ,2011,1.37679
MOZ,2011,1.93828
MOZ,2011,3.10387
MOZ,2011,3.77198
MOZ,2011,8.60543
MOZ,2011,11.70491
MOZ,2011,1.75912
MOZ,2011,4.4846699999999995
MOZ,2011,3.42215
MOZ,2011,11.29684
MOZ,2011,2.13822
MOZ,2011,1.2722
MOZ,2011,6.00424
MOZ,2011,1.58568
MOZ,2011,3.60901
MOZ,2011,3.83015
MOZ,2011,12.50596
MOZ,2011,2.23447
MOZ,2011,9.21376
MOZ,2011,3.56435
MOZ,2011,4.108619999999998
MOZ,2011,6.33361
MWI,2000,1.8231700000000002
MWI,2000,2.5132
MWI,2000,3.0373200000000002
MWI,2000,4.84059
MWI,2000,6.85128
MWI,2000,2.40415
MWI,2000,2.4857299999999998
MWI,2000,2.8212200000000003
MWI,2000,1.67555
MWI,2000,2.7442
MWI,2000,2.30645
MWI,2000,4.52209
MWI,2000,3.23475
MWI,2000,3.11873
MWI,2000,2.2629599999999996
MWI,2004,1.83617
MWI,2004,2.95808
MWI,2004,2.2015599999999997
MWI,2004,2.88092
MWI,2004,3.05682
MWI,2004,2.48037
MWI,2004,3.4307
MWI,2004,4.4067300000000005
MWI,2004,3.2927199999999996
MWI,2004,4.51514
MWI,2004,6.32236
MWI,2004,3.20764
MWI,2004,2.93455
MWI,2004,4.570130000000002
MWI,2004,2.80044
MWI,2010,3.81839
MWI,2010,8.160639999999999
MWI,2010,3.86659
MWI,2010,5.26722
MWI,2010,2.93589
MWI,2010,4.65
MWI,2010,9.11345
MWI,2010,3.3815800000000005
MWI,2010,3.88445
MWI,2010,3.9633
MWI,2010,10.44166
MWI,2010,2.4849900000000003
MWI,2010,4.5061599999999995
MWI,2010,4.4162099999999995
MWI,2010,5.34773
NAM,2006,20.70617
NAM,2006,6.951860000000001
NAM,2006,13.79938
NAM,2006,6.753439999999999
NAM,2006,16.87639
NAM,2006,31.69034000000001
NAM,2006,11.46262
NAM,2006,16.50406
NAM,2006,4.12602
NAM,2006,5.03606
NAM,2006,5.1668
NAM,2006,9.8497
NAM,2006,12.23627
NAM,2006,16.48016
NAM,2006,25.96051
NAM,2006,11.5919
NAM,2006,6.2058599999999995
NAM,2006,12.56141
NAM,2006,4.910909999999999
NAM,2006,18.791539999999998
NAM,2006,11.07342
NAM,2006,2.2494099999999997
NAM,2006,23.41854
NAM,2006,3.4515300000000004
NAM,2006,5.3762
NER,2006,0.90489
NER,2006,1.0650899999999999
NER,2006,0.34784
NER,2006,1.2664600000000001
NER,2006,0.13512000000000002
NER,2006,0.38966999999999996
NER,2006,4.57985
NER,2006,0.55086
NER,2006,0.5927100000000001
NER,2006,11.17705
NER,2006,0.31548000000000004
NER,2006,3.8701199999999996
NER,2006,1.04673
NER,2006,1.1459700000000002
NER,2006,0.70539
NER,2006,8.15629
NER,2006,0.47972
NER,2006,0.13195
NER,2006,0.08788
NER,2006,0.44126000000000004
NER,2012,0.52483
NER,2012,0.78628
NER,2012,0.9935200000000001
NER,2012,4.17593
NER,2012,0.72405
NER,2012,5.38132
NER,2012,0.9104899999999999
NER,2012,1.53102
NER,2012,2.57151
NER,2012,1.25203
NER,2012,0.9741
NER,2012,6.939210000000001
NER,2012,0.289
NER,2012,1.07535
NER,2012,0.82055
NER,2012,2.18146
NER,2012,1.32571
NER,2012,9.25078
NER,2012,0.53557
NER,2012,1.19787
NGA,2003,1.03966
NGA,2003,1.31056
NGA,2003,3.53116
NGA,2003,1.85579
NGA,2003,0.65994
NGA,2003,4.90174
NGA,2003,1.56891
NGA,2003,1.58507
NGA,2003,0.40268000000000004
NGA,2003,0.5307
NGA,2003,0.99035
NGA,2003,5.7602
NGA,2003,3.9467800000000004
NGA,2003,1.1398
NGA,2003,8.55304
NGA,2003,2.5142599999999997
NGA,2003,0.9146700000000001
NGA,2003,0.4521600000000001
NGA,2008,0.36256
NGA,2008,2.65821
NGA,2008,6.09098
NGA,2008,0.83506
NGA,2008,1.67937
NGA,2008,0.412
NGA,2008,1.01817
NGA,2008,1.37819
NGA,2008,4.39811
NGA,2008,1.9556900000000002
NGA,2008,0.26029
NGA,2008,3.71363
NGA,2008,0.58995
NGA,2008,3.94469
NGA,2008,3.3698
NGA,2008,0.36707
NGA,2008,3.16155
NGA,2008,1.9931299999999998
NGA,2013,3.93135
NGA,2013,1.01389
NGA,2013,1.60782
NGA,2013,4.73949
NGA,2013,1.27122
NGA,2013,2.16335
NGA,2013,0.46458999999999995
NGA,2013,6.7427399999999995
NGA,2013,0.50769
NGA,2013,0.70509
NGA,2013,4.07974
NGA,2013,4.49504
NGA,2013,2.30009
NGA,2013,0.93217
NGA,2013,0.59363
NGA,2013,3.8675900000000003
NIC,1997,15.60767
NIC,1997,21.93925
NIC,1997,30.67884
NIC,1997,15.19546
NIC,1997,8.21415
NIC,1997,9.79302
NIC,1997,7.5080399999999985
NIC,1997,12.45262
NIC,1997,11.199589999999999
NIC,1997,15.91203
NIC,1997,20.54185
NIC,1997,24.92925
NIC,1997,9.20771
NIC,1997,7.7922100000000025
NIC,1997,10.123460000000001
NIC,1997,14.666670000000002
NIC,1997,18.40708
NIC,1997,15.5914
NIC,1997,17.42857
NIC,1997,13.16397
NIC,1997,25.38803
NIC,1997,8.81503
NIC,1997,11.24807
NIC,1997,13.67521
NIC,1997,5.3156099999999995
NIC,1997,8.01887
NIC,1997,5.33643
NIC,1997,17.711170000000006
NIC,1997,12.07865
NIC,2001,13.434679999999998
NIC,2001,15.85104
NIC,2001,33.93275
NIC,2001,4.54825
NIC,2001,11.42291
NIC,2001,25.42935
NIC,2001,7.07326
NIC,2001,9.95372
NIC,2001,13.81559
NIC,2001,22.15907
NIC,2001,3.98613
NIC,2001,22.384729999999998
NIC,2001,16.40867
NIC,2001,4.57413
NIC,2001,4.7619
NIC,2001,25.93985
NIC,2001,10.4712
NIC,2001,13.286710000000001
NIC,2001,17.441860000000002
NIC,2001,17.924529999999994
NIC,2001,11.14458
NIC,2001,17.2524
NIC,2001,8.7037
NIC,2001,9.85577
NIC,2001,27.89374
NIC,2001,16.0
NIC,2001,6.19048
NIC,2001,6.13288
NIC,2001,9.56072
NPL,2001,0.85567
NPL,2001,1.05144
NPL,2001,3.6440599999999996
NPL,2001,3.14169
NPL,2001,4.8122
NPL,2001,0.81339
NPL,2001,0.15557
NPL,2001,0.16580999999999999
NPL,2001,0.56058
NPL,2001,0.27271999999999996
NPL,2001,1.06705
NPL,2001,0.4230100000000001
NPL,2001,1.00609
NPL,2001,0.82368
NPL,2001,0.07927000000000001
NPL,2001,1.22807
NPL,2001,0.3249
NPL,2006,2.5092
NPL,2006,2.80991
NPL,2006,0.53867
NPL,2006,1.09639
NPL,2006,0.9920200000000001
NPL,2006,0.79543
NPL,2006,6.9172600000000015
NPL,2006,8.44909
NPL,2006,1.96219
NPL,2006,11.877889999999999
NPL,2006,1.85759
NPL,2006,2.81711
NPL,2006,3.13645
NPL,2006,1.9015400000000002
NPL,2006,4.20919
NPL,2006,1.34771
NPL,2006,0.83873
NPL,2011,0.8376299999999999
NPL,2011,7.14153
NPL,2011,9.02838
NPL,2011,1.7617900000000002
NPL,2011,3.4978
NPL,2011,4.1698
NPL,2011,14.144179999999999
NPL,2011,15.32726
NPL,2011,4.5755099999999995
NPL,2011,5.06239
NPL,2011,0.9766799999999999
NPL,2011,4.08484
NPL,2011,1.43097
NPL,2011,5.77698
NPL,2011,3.67645
PAK,2006,7.72583
PAK,2006,12.942789999999999
PAK,2006,2.15353
PAK,2006,5.09556
PAK,2006,8.798680000000003
PAK,2006,20.13265
PAK,2006,6.8216600000000005
PAK,2006,4.921819999999999
PAK,2006,18.940160000000002
PAK,2006,3.49041
PAK,2006,1.8261599999999998
PAK,2006,10.70697
PAK,2006,6.50765
PAK,2006,2.9471
PAK,2006,1.46939
PAK,2006,9.21513
PAK,2012,13.09218
PAK,2012,20.71726
PAK,2012,29.633979999999998
PAK,2012,33.92795
PAK,2012,4.34744
PAK,2012,6.47003
PAK,2012,6.7545100000000025
PAK,2012,11.21879
PAK,2012,23.55198
PAK,2012,10.16438
PAK,2012,16.01964
PAK,2012,14.99722
PAK,2012,15.439
PAK,2012,3.2530900000000003
PAK,2012,26.55849000000001
PAK,2012,1.4691299999999998
PAK,2012,16.93156
PAK,2012,4.606
PER,1996,3.94558
PER,1996,23.93411
PER,1996,13.04791
PER,1996,13.9915
PER,1996,5.8312800000000005
PER,1996,8.91445
PER,1996,9.695089999999999
PER,1996,8.575510000000001
PER,1996,14.24257
PER,1996,1.2200799999999998
PER,1996,2.53798
PER,1996,2.4495
PER,1996,3.27022
PER,1996,7.8730600000000015
PER,1996,3.82979
PER,1996,5.06757
PER,1996,4.7619
PER,1996,7.39565
PER,1996,2.4896
PER,1996,2.4173
PER,1996,15.50446
PER,1996,5.6926
PER,1996,13.1579
PER,1996,16.9697
PER,1996,4.35931
PER,1996,13.78026
PER,1996,3.66795
PER,1996,6.9526600000000025
PER,1996,12.32639
PER,1996,10.36107
PER,1996,10.321489999999999
PER,1996,2.72873
PER,1996,3.7439
PER,1996,5.6779699999999975
PER,1996,13.03318
PER,1996,4.1984699999999995
PER,2000,20.181079999999998
PER,2000,2.97169
PER,2000,19.53913
PER,2000,2.34925
PER,2000,6.10358
PER,2000,12.449580000000001
PER,2000,19.91735
PER,2000,3.73925
PER,2000,12.90436
PER,2000,36.08145
PER,2000,5.71854
PER,2000,14.85069
PER,2000,3.49741
PER,2000,5.62016
PER,2000,11.98569
PER,2000,5.73152
PER,2000,6.822610000000001
PER,2000,20.47244
PER,2000,7.0240300000000016
PER,2000,3.5573099999999998
PER,2000,15.42169
PER,2000,24.43616
PER,2000,5.17241
PER,2000,21.62162
PER,2000,26.73522
PER,2000,6.2038400000000005
PER,2000,18.251929999999998
PER,2000,5.59567
PER,2000,15.757579999999999
PER,2000,2.99728
PER,2000,9.03491
PER,2000,3.02297
PER,2000,6.370369999999999
PER,2000,9.15371
PER,2000,18.0
PER,2000,8.04598
PER,2006,17.18494
PER,2006,6.26318
PER,2006,25.26737
PER,2006,25.57231
PER,2006,15.108279999999999
PER,2006,4.71673
PER,2006,7.35455
PER,2006,17.45095
PER,2006,39.8681
PER,2006,2.97112
PER,2006,7.1250100000000005
PER,2006,24.36686
PER,2006,4.501469999999999
PER,2006,34.31366
PER,2006,5.45275
PER,2006,30.93321
PER,2006,5.96141
PER,2006,14.98456
PER,2006,20.015439999999998
PER,2006,26.01063
PER,2006,10.37732
PER,2006,16.66319
PER,2006,6.9265399999999975
PER,2006,9.16554
PER,2006,9.69628
PER,2006,18.30998
PER,2006,8.41779
PER,2006,23.58105
PER,2006,31.0439
PER,2006,37.27807
PER,2006,6.96582
PER,2006,14.98685
PER,2006,12.299610000000001
PER,2006,8.79165
PER,2006,10.85104
PER,2006,6.0309800000000005
PER,2006,30.03185
PER,2009,20.52475
PER,2009,32.90905
PER,2009,5.86315
PER,2009,23.64537
PER,2009,29.1223
PER,2009,47.03178
PER,2009,8.47569
PER,2009,22.25594
PER,2009,12.36939
PER,2009,28.5673
PER,2009,5.21288
PER,2009,7.4843800000000025
PER,2009,13.067039999999999
PER,2009,8.7521
PER,2009,23.4359
PER,2009,30.9307
PER,2009,10.43735
PER,2009,27.16842
PER,2009,9.4855
PER,2009,7.38077
PER,2009,13.373339999999999
PER,2009,34.164120000000004
PER,2009,10.95318
PER,2009,8.95839
PER,2009,27.39927
PER,2009,9.87608
PER,2009,14.72994
PER,2009,11.69975
PER,2009,5.5075199999999995
PER,2009,16.21503
PER,2009,27.538390000000003
PER,2009,7.0327
PER,2009,20.505670000000002
PER,2009,36.68165
PER,2009,12.918330000000001
PER,2009,29.584459999999996
PER,2009,35.45612
PER,2010,46.89366
PER,2010,8.40832
PER,2010,21.023229999999998
PER,2010,27.096859999999996
PER,2010,13.988579999999999
PER,2010,26.236959999999996
PER,2010,29.513140000000003
PER,2010,10.00528
PER,2010,6.11795
PER,2010,7.0361600000000015
PER,2010,13.0366
PER,2010,21.38884
PER,2010,8.1902
PER,2010,9.02727
PER,2010,5.79289
PER,2010,10.695039999999999
PER,2010,27.271
PER,2010,16.60265
PER,2010,15.09847
PER,2010,18.62163
PER,2010,10.101939999999999
PER,2010,28.844890000000003
PER,2010,33.27888
PER,2010,20.96504
PER,2010,26.597170000000002
PER,2010,6.51501
PER,2010,8.85512
PER,2010,13.72059
PER,2010,31.43338
PER,2010,15.782329999999998
PER,2010,20.66159
PER,2010,35.69239
PER,2010,16.0712
PER,2010,11.66385
PER,2010,28.849859999999996
PER,2011,34.795120000000004
PER,2011,30.65449000000001
PER,2011,4.9447800000000015
PER,2011,16.00731
PER,2011,29.841179999999998
PER,2011,5.640569999999999
PER,2011,23.65919
PER,2011,49.79942
PER,2011,8.19622
PER,2011,9.44057
PER,2011,12.265089999999999
PER,2011,9.93322
PER,2011,16.58247
PER,2011,13.16661
PER,2011,31.572770000000002
PER,2011,14.86222
PER,2011,13.63814
PER,2011,9.082130000000001
PER,2011,10.91318
PER,2011,31.09553
PER,2011,33.63888
PER,2011,27.98023
PER,2011,15.755820000000002
PER,2011,19.67499
PER,2011,26.83563
PER,2011,12.10099
PER,2011,9.77955
PER,2011,31.06048
PER,2011,36.910920000000004
PER,2011,6.75305
PER,2011,38.38147
PER,2011,31.81066
PER,2011,10.88687
PER,2011,17.58277
PER,2011,14.38047
PER,2012,10.82085
PER,2012,48.29079
PER,2012,11.68182
PER,2012,18.17505
PER,2012,31.75894000000001
PER,2012,32.91211
PER,2012,7.02579
PER,2012,6.1710400000000005
PER,2012,28.22972
PER,2012,39.66234
PER,2012,18.61581
PER,2012,13.73745
PER,2012,11.79048
PER,2012,32.01181
PER,2012,25.18034
PER,2012,16.51183
PER,2012,8.62278
PER,2012,39.88828
PER,2012,10.50588
PER,2012,13.86855
PER,2012,19.46159
PER,2012,34.040620000000004
PER,2012,48.70064
PER,2012,19.222070000000002
PER,2012,35.25327
PER,2012,17.550539999999998
PER,2012,20.76073
PER,2012,16.98337
PER,2012,23.85869
PER,2012,25.70249
PER,2012,15.907720000000001
PER,2012,13.11754
PER,2012,38.147459999999995
PER,2012,31.83457000000001
PER,2012,14.323889999999999
PHL,1993,5.72106
PHL,1993,1.2506899999999999
PHL,1993,4.2853
PHL,1993,7.580889999999999
PHL,1993,3.10882
PHL,1993,8.16242
PHL,1993,6.035159999999999
PHL,1993,4.37666
PHL,1993,4.86284
PHL,1993,7.1913199999999975
PHL,1993,9.70996
PHL,1993,3.7974699999999997
PHL,1993,4.90463
PHL,1993,2.6548700000000003
PHL,1993,3.1055900000000003
PHL,1993,10.05291
PHL,1993,8.245610000000001
PHL,1993,3.82514
PHL,1993,3.8904900000000002
PHL,1993,3.6418800000000013
PHL,1993,4.41176
PHL,1998,8.804030000000003
PHL,1998,16.06973
PHL,1998,2.927
PHL,1998,8.87969
PHL,1998,1.69344
PHL,1998,7.95852
PHL,1998,5.83095
PHL,1998,1.22432
PHL,1998,6.0288
PHL,1998,5.45606
PHL,1998,0.57777
PHL,1998,2.56487
PHL,1998,6.92771
PHL,1998,2.49554
PHL,1998,2.25564
PHL,1998,4.71698
PHL,1998,4.72813
PHL,1998,8.66426
PHL,1998,5.649719999999999
PHL,1998,4.09836
PHL,1998,2.09003
PHL,1998,7.29367
PHL,1998,2.68817
PHL,1998,2.42537
PHL,1998,2.4943299999999997
PHL,1998,12.734860000000001
PHL,1998,4.8583
PHL,1998,0.72202
PHL,2003,9.40524
PHL,2003,9.83955
PHL,2003,7.53822
PHL,2003,1.68954
PHL,2003,20.30669
PHL,2003,4.68679
PHL,2003,2.6715299999999997
PHL,2003,3.43385
PHL,2003,10.75389
PHL,2003,6.97501
PHL,2003,6.7827600000000015
PHL,2003,0.0
PHL,2003,6.95909
PHL,2003,5.00897
PHL,2003,8.79086
PHL,2003,6.6657600000000015
PHL,2003,12.52257
PHL,2003,4.02907
PHL,2003,5.2176599999999995
PHL,2003,11.749789999999999
PHL,2003,2.91557
PHL,2003,4.5784
PHL,2003,2.10354
PHL,2003,5.59515
PHL,2003,5.9177800000000005
PHL,2003,3.71579
PHL,2003,6.47852
PHL,2003,9.74018
PHL,2003,2.40478
PHL,2008,9.48141
PHL,2008,13.80623
PHL,2008,2.1582
PHL,2008,5.1444
PHL,2008,9.47476
PHL,2008,7.3338199999999985
PHL,2008,5.34872
PHL,2008,0.0
PHL,2008,15.45135
PHL,2008,27.684559999999998
PHL,2008,1.33118
PHL,2008,12.1096
PHL,2008,7.15385
PHL,2008,5.33176
PHL,2008,16.314
PHL,2008,15.440610000000001
PHL,2008,5.85378
PHL,2008,6.93575
PHL,2008,6.26933
PHL,2008,4.66449
PHL,2008,6.7323699999999995
PHL,2008,10.33842
PHL,2008,4.53825
PHL,2008,2.68665
PHL,2008,5.9340699999999975
PHL,2008,3.9819
PHL,2008,5.45477
PHL,2008,14.88613
PHL,2008,11.71337
PHL,2013,11.36469
PHL,2013,28.78988
PHL,2013,1.38811
PHL,2013,5.19491
PHL,2013,11.19046
PHL,2013,3.22518
PHL,2013,1.91021
PHL,2013,7.5564300000000015
PHL,2013,13.06327
PHL,2013,8.53711
PHL,2013,10.3929
PHL,2013,15.57102
PHL,2013,6.6042
PHL,2013,2.33205
PHL,2013,5.8864
PHL,2013,11.46138
PHL,2013,14.579329999999999
PHL,2013,5.0322
PHL,2013,4.6054900000000005
PHL,2013,6.5324300000000015
PHL,2013,5.6848300000000025
PHL,2013,3.9917800000000003
PHL,2013,3.38026
PHL,2013,10.249460000000001
PHL,2013,20.0679
PHL,2013,4.3499300000000005
PHL,2013,8.76951
RWA,2000,1.7824200000000001
RWA,2000,1.75248
RWA,2000,2.4333
RWA,2000,1.0444799999999999
RWA,2000,1.09607
RWA,2000,6.37405
RWA,2000,4.92535
RWA,2000,5.63933
RWA,2000,0.9529299999999999
RWA,2000,1.16336
RWA,2000,1.37212
RWA,2000,2.17349
RWA,2000,1.7971099999999998
RWA,2000,1.95059
RWA,2000,0.70423
RWA,2000,1.9332200000000002
RWA,2000,1.30719
RWA,2000,2.17918
RWA,2000,8.82061
RWA,2000,1.83486
RWA,2000,2.2257599999999997
RWA,2000,1.4881
RWA,2000,1.84615
RWA,2000,2.79146
RWA,2005,2.70283
RWA,2005,3.1641
RWA,2005,2.1931700000000003
RWA,2005,1.67603
RWA,2005,2.42929
RWA,2005,2.56608
RWA,2005,2.0528299999999997
RWA,2005,8.71936
RWA,2005,7.478389999999999
RWA,2005,7.823339999999999
RWA,2005,2.1922599999999997
RWA,2005,1.25984
RWA,2005,1.7727700000000002
RWA,2005,5.32837
RWA,2005,2.08736
RWA,2005,11.4648
RWA,2005,2.6476
RWA,2005,1.98147
RWA,2005,1.6736
RWA,2005,5.2698
RWA,2005,1.72741
RWA,2005,0.78685
RWA,2005,1.73184
RWA,2005,2.15404
RWA,2010,6.4126400000000015
RWA,2010,6.974660000000001
RWA,2010,15.852070000000001
RWA,2010,18.61307
RWA,2010,4.899780000000002
RWA,2010,5.1637
RWA,2010,7.7694899999999985
RWA,2010,5.65989
RWA,2010,6.34575
RWA,2010,14.449910000000001
RWA,2010,4.6823
RWA,2010,5.91474
RWA,2010,5.94426
RWA,2010,5.0645
RWA,2010,6.28469
RWA,2010,15.862379999999998
RWA,2010,7.0543
SEN,2005,3.42136
SEN,2005,0.68821
SEN,2005,5.94706
SEN,2005,1.8388400000000005
SEN,2005,2.09374
SEN,2005,6.6174399999999975
SEN,2005,6.9980100000000025
SEN,2005,3.11648
SEN,2005,1.3536299999999999
SEN,2005,1.30264
SEN,2005,7.17727
SEN,2005,9.87288
SEN,2005,0.89369
SEN,2005,1.77772
SEN,2005,2.0392099999999997
SEN,2005,0.4726
SEN,2005,5.4230199999999975
SEN,2005,10.125010000000001
SEN,2005,1.46871
SEN,2005,0.8176
SEN,2005,2.78171
SEN,2005,0.97957
SEN,2005,2.60131
SEN,2010,10.83929
SEN,2010,15.40364
SEN,2010,14.64316
SEN,2010,2.07373
SEN,2010,2.74296
SEN,2010,5.15233
SEN,2010,1.8093400000000002
SEN,2010,4.03186
SEN,2010,5.11555
SEN,2010,6.51047
SEN,2010,7.675560000000001
SEN,2010,8.65981
SEN,2010,1.73425
SEN,2010,2.95835
SEN,2010,2.2725400000000002
SEN,2010,2.90137
SEN,2010,1.6722299999999999
SEN,2010,15.418510000000001
SEN,2010,4.83277
SEN,2010,2.99229
SEN,2010,3.6293800000000003
SEN,2010,5.17318
SEN,2010,1.63208
SEN,2010,7.1237
SEN,2010,3.3015
SEN,2010,2.1001
SEN,2012,2.29798
SEN,2012,10.052710000000001
SEN,2012,1.6747900000000002
SEN,2012,6.57033
SEN,2012,1.32082
SEN,2012,2.9514099999999996
SEN,2012,4.819459999999999
SEN,2012,2.30647
SEN,2012,15.85658
SEN,2012,2.88917
SEN,2012,9.610339999999999
SEN,2012,3.42401
SEN,2012,2.64405
SEN,2012,2.51884
SEN,2012,1.9204400000000001
SEN,2012,3.72905
SEN,2012,1.57932
SEN,2012,1.77256
SEN,2012,2.98353
SEN,2012,1.01655
SEN,2012,1.02451
SEN,2012,5.34441
SEN,2012,2.77672
SEN,2012,1.89159
SLE,2008,0.8682700000000001
SLE,2008,4.85275
SLE,2008,1.33178
SLE,2008,0.78071
SLE,2008,0.8582299999999999
SLE,2008,5.48541
SLE,2008,0.65754
SLE,2008,1.3904100000000001
SLE,2008,1.66477
SLE,2008,3.21037
SLE,2008,0.8450799999999999
SLE,2008,1.9176799999999998
SLE,2008,0.7403
SLE,2008,4.73187
SLE,2008,0.7315699999999999
SLE,2008,1.67084
SLE,2013,2.2033
SLE,2013,2.4012
SLE,2013,4.87182
SLE,2013,2.30173
SLE,2013,1.7518099999999999
SLE,2013,2.33486
SLE,2013,3.58978
SLE,2013,5.98878
SLE,2013,2.95743
SLE,2013,4.64975
SLE,2013,2.78625
SLE,2013,2.8976
SLE,2013,5.80115
SLE,2013,1.4500600000000001
STP,2008,6.4961699999999984
STP,2008,6.1458699999999995
STP,2008,4.66426
STP,2008,5.523569999999999
STP,2008,8.640889999999999
STP,2008,2.67351
STP,2008,2.94083
STP,2008,4.1647
STP,2008,5.76187
STP,2008,4.49339
STP,2008,6.76363
STP,2008,4.94298
STP,2008,4.49634
STP,2008,2.65709
STP,2008,5.82005
STP,2008,5.2832
SWZ,2006,7.72387
SWZ,2006,9.04221
SWZ,2006,7.04528
SWZ,2006,5.95014
SWZ,2006,8.44936
SWZ,2006,8.551110000000001
SWZ,2006,6.56423
SWZ,2006,7.973210000000001
SWZ,2006,6.657369999999999
SWZ,2006,7.85762
SWZ,2006,8.42892
SWZ,2006,8.710339999999999
SWZ,2006,8.41956
SWZ,2006,7.49931
SWZ,2006,8.0661
SWZ,2006,7.597360000000001
TCD,1996,0.30881
TCD,1996,0.39175
TCD,1996,1.29087
TCD,1996,0.20027999999999999
TCD,1996,0.38356999999999997
TCD,1996,1.7174099999999999
TCD,1996,0.5169100000000001
TCD,1996,0.13085
TCD,1996,0.22050999999999998
TCD,1996,0.8286399999999999
TCD,1996,0.4929
TCD,1996,1.06673
TCD,1996,3.1752
TCD,1996,0.0
TCD,1996,0.5888899999999999
TCD,1996,0.3469
TCD,1996,0.8854200000000001
TCD,1996,0.54303
TCD,1996,0.3781
TCD,1996,0.44511999999999996
TCD,1996,0.11893
TCD,1996,0.0
TCD,1996,0.0
TCD,1996,0.0
TCD,1996,0.0
TCD,1996,0.0
TCD,1996,0.0
TCD,2004,0.41618
TCD,2004,1.18451
TCD,2004,2.4672099999999997
TCD,2004,0.21361999999999998
TCD,2004,0.53796
TCD,2004,0.54972
TCD,2004,3.5400400000000003
TCD,2004,0.29014
TCD,2004,0.29033000000000003
TCD,2004,0.05647000000000001
TCD,2004,0.22374000000000002
TCD,2004,0.47292
TCD,2004,1.48753
TCD,2004,0.0
TCD,2004,0.047439999999999996
TCD,2004,0.25595
TCD,2004,1.44814
TCD,2004,0.0
TCD,2004,0.27769
TCD,2004,0.0
TCD,2004,0.0
TJK,2012,3.8160199999999995
TJK,2012,3.83465
TJK,2012,4.24791
TJK,2012,5.0883400000000005
TJK,2012,6.09112
TJK,2012,6.18435
TJK,2012,2.6661200000000003
TJK,2012,4.21853
TJK,2012,2.36551
TJK,2012,4.13406
TJK,2012,3.4597300000000004
TJK,2012,2.46139
TJK,2012,4.70897
TJK,2012,3.33039
TJK,2012,9.69548
TJK,2012,5.98086
TJK,2012,2.7593799999999997
TLS,2009,0.5758
TLS,2009,0.80852
TLS,2009,4.66141
TLS,2009,2.31383
TLS,2009,3.09612
TLS,2009,4.01924
TLS,2009,0.47526999999999997
TLS,2009,1.00108
TLS,2009,1.34415
TLS,2009,2.0388599999999997
TLS,2009,1.39426
TLS,2009,0.48043
TLS,2009,1.9085400000000001
TLS,2009,4.83404
TLS,2009,0.1232
TLS,2009,1.37219
TLS,2009,1.6944
TLS,2009,1.26611
TLS,2009,0.60231
TLS,2009,0.27005999999999997
TLS,2009,1.81411
TLS,2009,1.9693599999999998
TLS,2009,1.63808
TLS,2009,0.8948299999999999
TLS,2009,0.6614300000000001
TUR,1993,17.796470000000006
TUR,1993,13.32625
TUR,1993,3.16597
TUR,1993,8.50389
TUR,1993,8.77427
TUR,1993,8.9117
TUR,1993,3.97621
TUR,1993,5.84753
TUR,1993,7.5244399999999985
TUR,1993,8.61081
TUR,1993,10.23209
TUR,1993,4.8823099999999995
TUR,1993,13.9477
TUR,1993,6.64928
TUR,1993,7.344010000000001
TUR,1993,10.356539999999999
TUR,1993,2.65873
TUR,1998,5.16441
TUR,1998,15.78054
TUR,1998,5.38176
TUR,1998,17.57055
TUR,1998,27.06519
TUR,1998,32.07857
TUR,1998,9.72986
TUR,1998,13.38137
TUR,1998,14.37488
TUR,1998,12.52776
TUR,1998,12.72979
TUR,1998,7.675089999999999
TUR,1998,11.846210000000001
TUR,1998,14.281070000000001
TUR,1998,5.6796
TUR,1998,21.93376
TUR,1998,14.44413
TUR,2003,7.772639999999999
TUR,2003,12.861
TUR,2003,26.602940000000004
TUR,2003,39.66211
TUR,2003,19.87124
TUR,2003,22.50922000000001
TUR,2003,18.676460000000002
TUR,2003,25.56805
TUR,2003,47.70667
TUR,2003,12.74864
TUR,2003,22.18799
TUR,2003,6.66982
TUR,2003,30.738120000000002
TUR,2003,20.88184
TUR,2003,8.68384
TUR,2003,31.08139000000001
TUR,2003,20.699579999999997
TZA,1996,2.02799
TZA,1996,2.34275
TZA,1996,5.246580000000002
TZA,1996,5.96927
TZA,1996,1.69625
TZA,1996,2.12292
TZA,1996,4.07426
TZA,1996,2.20912
TZA,1996,1.17659
TZA,1996,1.30637
TZA,1996,1.0267
TZA,1996,1.47393
TZA,1996,1.65563
TZA,1996,3.33333
TZA,1996,0.56657
TZA,1996,1.80505
TZA,1996,2.87958
TZA,1996,2.22841
TZA,1996,0.6600699999999999
TZA,1996,4.59364
TZA,1996,1.21951
TZA,1996,0.62893
TZA,1996,2.74725
TZA,1996,4.70852
TZA,1996,0.90909
TZA,1996,1.11732
TZA,1996,1.1527399999999999
TZA,1996,2.06186
TZA,1996,1.7241400000000002
TZA,1996,3.89908
TZA,1996,1.91693
TZA,1996,1.6891900000000002
TZA,1996,3.3195
TZA,1996,1.27389
TZA,1999,0.9163399999999999
TZA,1999,2.36873
TZA,1999,6.83825
TZA,1999,1.81595
TZA,1999,0.7808
TZA,1999,4.03189
TZA,1999,7.27785
TZA,1999,4.2180800000000005
TZA,1999,2.05005
TZA,1999,3.69539
TZA,1999,1.41984
TZA,1999,4.03935
TZA,1999,3.6101
TZA,1999,0.59568
TZA,1999,5.0004
TZA,1999,2.4475599999999997
TZA,1999,0.9433799999999999
TZA,1999,0.0
TZA,1999,3.8212
TZA,1999,3.67504
TZA,1999,9.71599
TZA,1999,0.56183
TZA,1999,8.90654
TZA,1999,4.6955
TZA,1999,2.74058
TZA,1999,0.56847
TZA,1999,0.0
TZA,1999,0.0
TZA,1999,9.13405
TZA,1999,2.53591
TZA,1999,3.1753099999999996
TZA,1999,1.24937
TZA,1999,0.0
TZA,1999,1.0244
TZA,2004,3.8366300000000004
TZA,2004,2.60521
TZA,2004,12.570310000000001
TZA,2004,3.45053
TZA,2004,2.2505599999999997
TZA,2004,2.8125400000000003
TZA,2004,8.68136
TZA,2004,7.812639999999999
TZA,2004,0.9745
TZA,2004,1.07209
TZA,2004,2.11951
TZA,2004,2.99742
TZA,2004,3.79585
TZA,2004,2.35277
TZA,2004,1.26604
TZA,2004,1.60807
TZA,2004,7.7241800000000005
TZA,2004,2.28479
TZA,2004,1.385
TZA,2004,4.7264800000000005
TZA,2004,1.90208
TZA,2004,1.81867
TZA,2004,3.08283
TZA,2004,3.70795
TZA,2004,3.11862
TZA,2004,4.5887
TZA,2004,0.63722
TZA,2004,0.64293
TZA,2004,7.1816
TZA,2004,2.66247
TZA,2004,8.9303
TZA,2004,5.048030000000002
TZA,2004,6.6078600000000005
TZA,2004,1.5379200000000002
TZA,2004,2.4147
TZA,2004,0.46808999999999995
TZA,2004,1.4562899999999999
TZA,2004,0.52986
TZA,2010,3.99335
TZA,2010,1.76214
TZA,2010,2.18803
TZA,2010,3.15635
TZA,2010,9.57731
TZA,2010,3.46046
TZA,2010,4.36223
TZA,2010,5.69313
TZA,2010,4.92399
TZA,2010,2.32417
TZA,2010,12.009960000000001
TZA,2010,14.70735
TZA,2010,5.08462
TZA,2010,5.82092
TZA,2010,3.50898
TZA,2010,7.8085
TZA,2010,4.15725
TZA,2010,4.84644
TZA,2010,0.5766600000000001
TZA,2010,11.03755
TZA,2010,4.7117
TZA,2010,5.76221
TZA,2010,2.52218
TZA,2010,2.79776
TZA,2010,2.1486400000000003
TZA,2010,2.71463
TZA,2010,0.55894
TZA,2010,2.75693
TZA,2010,3.37376
TZA,2010,8.22466
TZA,2010,9.73532
TZA,2010,2.00712
TZA,2010,5.8062
TZA,2010,13.395920000000002
TZA,2010,5.18465
TZA,2010,1.3985100000000001
TZA,2010,3.66984
TZA,2010,5.65886
UGA,1995,1.00159
UGA,1995,1.0274299999999998
UGA,1995,2.21901
UGA,1995,1.14021
UGA,1995,5.26154
UGA,1995,5.43816
UGA,1995,2.65035
UGA,1995,2.02411
UGA,1995,2.38101
UGA,1995,0.7451399999999999
UGA,1995,1.7023700000000002
UGA,1995,3.9853300000000003
UGA,1995,1.2496399999999999
UGA,1995,3.5222300000000004
UGA,1995,1.52241
UGA,1995,2.02204
UGA,2000,2.26641
UGA,2000,2.82144
UGA,2000,1.24777
UGA,2000,2.3670400000000003
UGA,2000,1.96878
UGA,2000,5.10686
UGA,2000,2.4321099999999998
UGA,2000,1.44389
UGA,2000,2.1433400000000002
UGA,2000,2.44753
UGA,2000,6.39996
UGA,2000,7.32792
UGA,2000,1.2365
UGA,2000,2.11461
UGA,2000,4.83678
UGA,2000,1.7903200000000001
UGA,2006,1.8163
UGA,2006,1.9312900000000002
UGA,2006,2.68732
UGA,2006,2.40384
UGA,2006,7.4820800000000025
UGA,2006,8.875589999999997
UGA,2006,3.34971
UGA,2006,7.2092
UGA,2006,2.9253099999999996
UGA,2006,1.5547
UGA,2006,3.03953
UGA,2006,3.00656
UGA,2006,2.61713
UGA,2006,1.53061
UGA,2006,2.80701
UGA,2006,3.1267
UGA,2006,3.4616599999999997
UGA,2006,2.34688
UGA,2006,9.204419999999999
UGA,2006,4.09697
UGA,2006,2.99403
UGA,2011,5.44094
UGA,2011,3.1717
UGA,2011,5.69761
UGA,2011,2.17211
UGA,2011,3.88334
UGA,2011,2.6174
UGA,2011,10.88304
UGA,2011,12.551039999999999
UGA,2011,13.669270000000001
UGA,2011,3.883
UGA,2011,3.9642699999999995
UGA,2011,5.10452
UGA,2011,5.83776
UGA,2011,7.762869999999999
UGA,2011,4.11046
UGA,2011,5.51232
UGA,2011,4.92448
UGA,2011,2.4649900000000002
UGA,2011,2.52218
UGA,2011,1.06701
UGA,2011,4.602869999999999
UGA,2011,17.75468
UKR,2007,10.425980000000001
UKR,2007,10.438419999999999
UKR,2007,12.25204
UKR,2007,10.99503
UKR,2007,12.77187
UKR,2007,8.31555
UKR,2007,10.41718
UKR,2007,13.53171
UKR,2007,7.156439999999999
UKR,2007,8.84389
UKR,2007,10.82652
UKR,2007,7.94793
UKR,2007,9.48966
UKR,2007,11.65814
UKR,2007,13.230170000000001
ZAF,1998,11.32579
ZAF,1998,14.750539999999999
ZAF,1998,15.06446
ZAF,1998,16.01361
ZAF,1998,11.73657
ZAF,1998,10.651860000000001
ZAF,1998,11.429860000000001
ZAF,1998,17.47715
ZAF,1998,29.767329999999998
ZAF,1998,12.5859
ZAF,1998,16.90286
ZAF,1998,19.42887
ZAF,1998,13.58968
ZAF,1998,13.082
ZAF,1998,9.73291
ZAF,1998,21.475260000000002
ZAF,1998,17.96029
ZAF,1998,19.26657
ZAF,1998,14.48329
ZAF,1998,13.637189999999999
ZAF,1998,10.716389999999999
ZMB,1996,1.47186
ZMB,1996,0.84529
ZMB,1996,1.18505
ZMB,1996,3.39989
ZMB,1996,1.55714
ZMB,1996,2.97931
ZMB,1996,4.09053
ZMB,1996,2.26686
ZMB,1996,0.43612
ZMB,1996,0.90628
ZMB,1996,0.98421
ZMB,1996,3.36812
ZMB,1996,3.22011
ZMB,1996,0.4381
ZMB,1996,2.30859
ZMB,1996,1.07029
ZMB,1996,1.9914
ZMB,1996,3.2272
ZMB,1996,0.35616
ZMB,1996,1.21225
ZMB,1996,1.51578
ZMB,2001,0.5155
ZMB,2001,4.216019999999999
ZMB,2001,1.13354
ZMB,2001,4.10374
ZMB,2001,2.0909
ZMB,2001,1.0692700000000002
ZMB,2001,2.0767900000000004
ZMB,2001,0.52012
ZMB,2001,1.26301
ZMB,2001,1.7601
ZMB,2001,3.11698
ZMB,2001,5.87972
ZMB,2001,1.6910900000000002
ZMB,2001,0.63593
ZMB,2001,4.70958
ZMB,2001,0.7530100000000001
ZMB,2001,1.88442
ZMB,2001,2.1145400000000003
ZMB,2001,0.9646299999999999
ZMB,2001,3.24074
ZMB,2001,1.51339
ZMB,2007,2.0203599999999997
ZMB,2007,4.5835300000000005
ZMB,2007,9.02024
ZMB,2007,2.94339
ZMB,2007,6.8281100000000015
ZMB,2007,0.80635
ZMB,2007,2.97519
ZMB,2007,1.16769
ZMB,2007,1.19487
ZMB,2007,1.40505
ZMB,2007,6.24115
ZMB,2007,1.60229
ZMB,2007,1.7800900000000002
ZMB,2007,0.8315299999999999
ZMB,2007,2.00008
ZMB,2007,1.0551
ZMB,2007,1.62826
ZMB,2007,6.90694
ZMB,2007,3.1386700000000003
ZMB,2007,6.3541099999999995
ZMB,2007,1.22814
ZWE,1999,6.9375100000000005
ZWE,1999,2.05058
ZWE,1999,5.2632400000000015
ZWE,1999,5.40046
ZWE,1999,9.642430000000001
ZWE,1999,6.45324
ZWE,1999,10.47328
ZWE,1999,4.40643
ZWE,1999,5.44071
ZWE,1999,7.6083
ZWE,1999,9.530339999999999
ZWE,1999,4.50684
ZWE,1999,7.586360000000001
ZWE,1999,6.52159
ZWE,1999,4.51725
ZWE,1999,5.41115
ZWE,1999,3.30585
ZWE,1999,10.71429
ZWE,1999,4.51922
ZWE,1999,8.61675
ZWE,1999,9.02778
ZWE,1999,6.34436
ZWE,2005,3.18807
ZWE,2005,9.89733
ZWE,2005,4.437880000000002
ZWE,2005,1.90314
ZWE,2005,1.24629
ZWE,2005,3.10629
ZWE,2005,8.6859
ZWE,2005,6.5208699999999995
ZWE,2005,6.60787
ZWE,2005,2.36733
ZWE,2005,3.96949
ZWE,2005,5.10731
ZWE,2005,3.13099
ZWE,2005,4.00663
ZWE,2005,2.75637
ZWE,2005,3.66624
ZWE,2005,7.4447899999999985
ZWE,2005,5.87071
ZWE,2005,3.55516
ZWE,2005,5.04041
ZWE,2005,4.46875
ZWE,2005,8.7379
ZWE,2010,5.02689
ZWE,2010,0.27702
ZWE,2010,2.62656
ZWE,2010,9.22902
ZWE,2010,6.1522
ZWE,2010,3.9910400000000004
ZWE,2010,2.4517700000000002
ZWE,2010,3.0124
ZWE,2010,3.3469
ZWE,2010,7.82178
ZWE,2010,3.10981
ZWE,2010,5.35942
ZWE,2010,3.98273
ZWE,2010,4.40641
ZWE,2010,3.48564
ZWE,2010,3.6513400000000003
ZWE,2010,7.04783
ZWE,2010,10.457189999999999
ZWE,2010,2.54359
ZWE,2010,4.73383
ZWE,2010,2.53595
ZWE,2010,6.14475
